﻿Name;DriverNum;Lap;Time;Elapsed;Stint;Fuel Corrected Laptime;Stint Length;Lap in stint
T. GLOCK;24;2;120,943;1152,238;1;120,787;3;1
T. GLOCK;24;3;119,486;1271,724;1;119,408;3;2
T. GLOCK;24;4;118,792;1390,516;1;118,792;3;3
J. D'AMBROSIO;25;2;124,36;849,98;1;124,048;5;1
J. D'AMBROSIO;25;3;121,941;971,921;1;121,707;5;2
J. D'AMBROSIO;25;4;119,96;1091,881;1;119,804;5;3
J. D'AMBROSIO;25;5;118,775;1210,656;1;118,697;5;4
J. D'AMBROSIO;25;6;135,267;1345,923;1;135,267;5;5
J. D'AMBROSIO;25;9;117,798;3536,133;3;117,72;2;1
J. D'AMBROSIO;25;10;139,425;3675,558;3;139,425;2;2
H. KOVALAINEN;20;2;118,192;859,16;1;117,88;5;1
H. KOVALAINEN;20;3;116,198;975,358;1;115,964;5;2
H. KOVALAINEN;20;4;120,546;1095,904;1;120,39;5;3
H. KOVALAINEN;20;5;121,289;1217,193;1;121,211;5;4
H. KOVALAINEN;20;6;126,162;1343,355;1;126,162;5;5
J. TRULLI;21;2;117,377;2011,105;1;116,987;6;1
J. TRULLI;21;3;115,601;2126,706;1;115,289;6;2
J. TRULLI;21;4;116,771;2243,477;1;116,537;6;3
J. TRULLI;21;5;125,573;2369,05;1;125,417;6;4
J. TRULLI;21;6;114,821;2483,871;1;114,743;6;5
J. TRULLI;21;7;141,975;2625,846;1;141,975;6;6
D. RICCIARDO;22;2;127,847;1037,128;1;127,613;4;1
D. RICCIARDO;22;3;125,33;1162,458;1;125,174;4;2
D. RICCIARDO;22;4;123,771;1286,229;1;123,693;4;3
D. RICCIARDO;22;5;124,397;1410,626;1;124,397;4;4
D. RICCIARDO;22;7;121,018;2434,431;2;120,706;5;1
D. RICCIARDO;22;8;122,116;2556,547;2;121,882;5;2
D. RICCIARDO;22;9;119,871;2676,418;2;119,715;5;3
D. RICCIARDO;22;10;119,906;2796,324;2;119,828;5;4
D. RICCIARDO;22;11;119,622;2915,946;2;119,622;5;5
D. RICCIARDO;22;13;119,169;3524,664;3;119,091;2;1
D. RICCIARDO;22;14;143,447;3668,111;3;143,447;2;2
N. KARTHIKEYAN;23;2;126,952;948,496;1;126,64;5;1
N. KARTHIKEYAN;23;3;123,502;1071,998;1;123,268;5;2
N. KARTHIKEYAN;23;4;120,09;1192,088;1;119,934;5;3
N. KARTHIKEYAN;23;5;119,214;1311,302;1;119,136;5;4
N. KARTHIKEYAN;23;6;126,462;1437,764;1;126,462;5;5
N. KARTHIKEYAN;23;8;119,53;2345,558;2;119,218;5;1
N. KARTHIKEYAN;23;9;128,751;2474,309;2;128,517;5;2
N. KARTHIKEYAN;23;10;126,927;2601,236;2;126,771;5;3
N. KARTHIKEYAN;23;11;120,576;2721,812;2;120,498;5;4
N. KARTHIKEYAN;23;12;125,602;2847,414;2;125,602;5;5
N. KARTHIKEYAN;23;14;121,488;3519,157;3;121,41;2;1
N. KARTHIKEYAN;23;15;137,166;3656,323;3;137,166;2;2
S. VETTEL;1;2;113,252;1279,157;1;113,174;2;1
S. VETTEL;1;3;121,525;1400,682;1;121,525;2;2
S. VETTEL;1;5;110,082;2365,611;2;109,77;5;1
S. VETTEL;1;6;109,656;2475,267;2;109,422;5;2
S. VETTEL;1;7;114,642;2589,909;2;114,486;5;3
S. VETTEL;1;8;109,005;2698,914;2;108,927;5;4
S. VETTEL;1;9;125,16;2824,074;2;125,16;5;5
S. VETTEL;1;11;109,564;3510,751;3;109,486;2;1
S. VETTEL;1;12;123,614;3634,365;3;123,614;2;2
L. HAMILTON;3;4;111,961;2434,355;3;111,649;5;1
L. HAMILTON;3;5;113,423;2547,778;3;113,189;5;2
L. HAMILTON;3;6;109,515;2657,293;3;109,359;5;3
L. HAMILTON;3;7;115,184;2772,477;3;115,106;5;4
L. HAMILTON;3;8;108,599;2881,076;3;108,599;5;5
M. WEBBER;2;2;112,869;1044,958;1;112,635;4;1
M. WEBBER;2;3;112,648;1157,606;1;112,492;4;2
M. WEBBER;2;4;120,855;1278,461;1;120,777;4;3
M. WEBBER;2;5;114,339;1392,8;1;114,339;4;4
M. WEBBER;2;7;111,683;2439,101;2;111,371;5;1
M. WEBBER;2;8;110,93;2550,031;2;110,696;5;2
M. WEBBER;2;9;118,21;2668,241;2;118,054;5;3
M. WEBBER;2;10;110,308;2778,549;2;110,23;5;4
M. WEBBER;2;11;110,066;2888,615;2;110,066;5;5
M. WEBBER;2;13;119,478;3586,769;3;119,478;1;1
F. ALONSO;5;3;119,404;2046,643;2;119,326;2;1
F. ALONSO;5;4;121,881;2168,524;2;121,881;2;2
F. ALONSO;5;6;110,596;2850,767;3;110,596;1;1
F. ALONSO;5;8;110,847;3506,731;4;110,769;2;1
F. ALONSO;5;9;122,21;3628,941;4;122,21;2;2
J. BUTTON;4;3;114,422;2177,296;2;114,266;3;1
J. BUTTON;4;4;110,952;2288,248;2;110,874;3;2
J. BUTTON;4;5;142,853;2431,101;2;142,853;3;3
J. BUTTON;4;8;111,018;3514,474;4;110,94;2;1
J. BUTTON;4;9;134,46;3648,934;4;134,46;2;2
M. SCHUMACHER;7;2;115,827;719,264;1;115,749;2;1
M. SCHUMACHER;7;3;127,113;846,377;1;127,113;2;2
M. SCHUMACHER;7;5;113,205;2297,928;2;113,127;2;1
M. SCHUMACHER;7;6;127,764;2425,692;2;127,764;2;2
M. SCHUMACHER;7;8;112,416;3499,756;3;112,338;2;1
M. SCHUMACHER;7;9;124,676;3624,432;3;124,676;2;2
F. MASSA;6;2;113,77;984,051;1;113,458;5;1
F. MASSA;6;3;112,043;1096,094;1;111,809;5;2
F. MASSA;6;4;125,869;1221,963;1;125,713;5;3
F. MASSA;6;5;116,689;1338,652;1;116,611;5;4
F. MASSA;6;6;113,527;1452,179;1;113,527;5;5
F. MASSA;6;8;120,937;2872,431;2;120,937;1;1
F. MASSA;6;10;112,331;3536,552;3;112,253;2;1
F. MASSA;6;11;158,641;3695,193;3;158,641;2;2
B. SENNA;9;2;119,34;786,671;1;118,95;6;1
B. SENNA;9;3;116,682;903,353;1;116,37;6;2
B. SENNA;9;4;122,936;1026,289;1;122,702;6;3
B. SENNA;9;5;116,577;1142,866;1;116,421;6;4
B. SENNA;9;6;114,912;1257,778;1;114,834;6;5
B. SENNA;9;7;131,024;1388,802;1;131,024;6;6
B. SENNA;9;9;115,424;2170,207;2;115,112;5;1
B. SENNA;9;10;113,765;2283,972;2;113,531;5;2
B. SENNA;9;11;117,713;2401,685;2;117,557;5;3
B. SENNA;9;12;114,819;2516,504;2;114,741;5;4
B. SENNA;9;13;128,906;2645,41;2;128,906;5;5
B. SENNA;9;15;115,112;3531,253;3;115,034;2;1
B. SENNA;9;16;141,721;3672,974;3;141,721;2;2
N. ROSBERG;8;2;117,351;640,757;1;117,273;2;1
N. ROSBERG;8;3;134,685;775,442;1;134,685;2;2
N. ROSBERG;8;6;114,382;2293,907;3;114,148;4;1
N. ROSBERG;8;7;116,042;2409,949;3;115,886;4;2
N. ROSBERG;8;8;112,815;2522,764;3;112,737;4;3
N. ROSBERG;8;9;132,285;2655,049;3;132,285;4;4
N. ROSBERG;8;11;133,559;3679,521;4;133,559;1;1
R. BARRICHELLO;11;2;120;898,799;1;119,844;3;1
R. BARRICHELLO;11;3;121,205;1020,004;1;121,127;3;2
R. BARRICHELLO;11;4;130,422;1150,426;1;130,422;3;3
R. BARRICHELLO;11;6;115,481;2037,21;2;114,935;8;1
R. BARRICHELLO;11;7;113,066;2150,276;2;112,598;8;2
R. BARRICHELLO;11;8;130,464;2280,74;2;130,074;8;3
R. BARRICHELLO;11;9;167,837;2448,577;2;167,525;8;4
R. BARRICHELLO;11;10;113,215;2561,792;2;112,981;8;5
R. BARRICHELLO;11;11;128,336;2690,128;2;128,18;8;6
R. BARRICHELLO;11;12;112,991;2803,119;2;112,913;8;7
R. BARRICHELLO;11;13;128,143;2931,262;2;128,143;8;8
R. BARRICHELLO;11;15;113,562;3548,011;3;113,484;2;1
R. BARRICHELLO;11;16;134,058;3682,069;3;134,058;2;2
V. PETROV;10;2;119,106;828,674;1;118,716;6;1
V. PETROV;10;3;116,693;945,367;1;116,381;6;2
V. PETROV;10;4;115,802;1061,169;1;115,568;6;3
V. PETROV;10;5;114,736;1175,905;1;114,58;6;4
V. PETROV;10;6;114,866;1290,771;1;114,788;6;5
V. PETROV;10;7;141,685;1432,456;1;141,685;6;6
P. MALDONADO;12;2;118,272;967,589;1;117,96;5;1
P. MALDONADO;12;3;116,441;1084,03;1;116,207;5;2
P. MALDONADO;12;4;126,129;1210,159;1;125,973;5;3
P. MALDONADO;12;5;114,965;1325,124;1;114,887;5;4
P. MALDONADO;12;6;114,674;1439,798;1;114,674;5;5
P. MALDONADO;12;8;114,646;2354,071;2;114,334;5;1
P. MALDONADO;12;9;114,205;2468,276;2;113,971;5;2
P. MALDONADO;12;10;126,709;2594,985;2;126,553;5;3
P. MALDONADO;12;11;113,399;2708,384;2;113,321;5;4
P. MALDONADO;12;12;129;2837,384;2;129;5;5
P. MALDONADO;12;14;114,693;3519,542;3;114,615;2;1
P. MALDONADO;12;15;141,223;3660,765;3;141,223;2;2
P. DI RESTA;15;2;117,026;875,727;1;116,87;3;1
P. DI RESTA;15;3;114,561;990,288;1;114,483;3;2
P. DI RESTA;15;4;127,771;1118,059;1;127,771;3;3
P. DI RESTA;15;6;113,676;2003,348;2;113,364;5;1
P. DI RESTA;15;7;113,098;2116,446;2;112,864;5;2
P. DI RESTA;15;8;118,102;2234,548;2;117,946;5;3
P. DI RESTA;15;9;112,435;2346,983;2;112,357;5;4
P. DI RESTA;15;10;137,758;2484,741;2;137,758;5;5
A. SUTIL;14;2;116,726;950,689;1;116,492;4;1
A. SUTIL;14;3;115,64;1066,329;1;115,484;4;2
A. SUTIL;14;4;113,748;1180,077;1;113,67;4;3
A. SUTIL;14;5;134,139;1314,216;1;134,139;4;4
A. SUTIL;14;7;112,758;2185,229;2;112,524;4;1
A. SUTIL;14;8;122,598;2307,827;2;122,442;4;2
A. SUTIL;14;9;112,251;2420,078;2;112,173;4;3
A. SUTIL;14;10;127,798;2547,876;2;127,798;4;4
S. PEREZ;17;2;126,526;844,622;1;126,136;6;1
S. PEREZ;17;3;120,534;965,156;1;120,222;6;2
S. PEREZ;17;4;117,594;1082,75;1;117,36;6;3
S. PEREZ;17;5;123,164;1205,914;1;123,008;6;4
S. PEREZ;17;6;116,033;1321,947;1;115,955;6;5
S. PEREZ;17;7;116,649;1438,596;1;116,649;6;6
S. PEREZ;17;9;122,026;2454,018;2;121,714;5;1
S. PEREZ;17;10;115,418;2569,436;2;115,184;5;2
S. PEREZ;17;11;113,98;2683,416;2;113,824;5;3
S. PEREZ;17;12;119,106;2802,522;2;119,028;5;4
S. PEREZ;17;13;130,895;2933,417;2;130,895;5;5
S. PEREZ;17;15;113,703;3504,433;3;113,625;2;1
S. PEREZ;17;16;142,31;3646,743;3;142,31;2;2
K. KOBAYASHI;16;4;115,225;2049,512;3;114,991;4;1
K. KOBAYASHI;16;5;114,254;2163,766;3;114,098;4;2
K. KOBAYASHI;16;6;123,717;2287,483;3;123,639;4;3
K. KOBAYASHI;16;7;126,415;2413,898;3;126,415;4;4
K. KOBAYASHI;16;9;113,749;3497,248;4;113,671;2;1
K. KOBAYASHI;16;10;140,629;3637,877;4;140,629;2;2
J. ALGUERSUARI;19;3;116,016;1248,134;2;115,86;3;1
J. ALGUERSUARI;19;4;113,952;1362,086;2;113,874;3;2
J. ALGUERSUARI;19;5;117,474;1479,56;2;117,474;3;3
J. ALGUERSUARI;19;7;113,756;2276,51;3;113,366;6;1
J. ALGUERSUARI;19;8;113,05;2389,56;3;112,738;6;2
J. ALGUERSUARI;19;9;113,051;2502,611;3;112,817;6;3
J. ALGUERSUARI;19;10;126,764;2629,375;3;126,608;6;4
J. ALGUERSUARI;19;11;113,851;2743,226;3;113,773;6;5
J. ALGUERSUARI;19;12;115,19;2858,416;3;115,19;6;6
J. ALGUERSUARI;19;14;132,911;3595,051;4;132,911;1;1
S. BUEMI;18;3;114,188;1287,512;2;114,11;2;1
S. BUEMI;18;4;114,538;1402,05;2;114,538;2;2
S. BUEMI;18;6;113,785;2355,369;3;113,473;5;1
S. BUEMI;18;7;124,145;2479,514;3;123,911;5;2
S. BUEMI;18;8;119,012;2598,526;3;118,856;5;3
S. BUEMI;18;9;113,821;2712,347;3;113,743;5;4
S. BUEMI;18;10;118,789;2831,136;3;118,789;5;5
S. BUEMI;18;12;113,859;3525,128;4;113,781;2;1
S. BUEMI;18;13;137,701;3662,829;4;137,701;2;2
