﻿Name;DriverNum;Lap;Time;Elapsed;Stint;Fuel Corrected Laptime;Stint Length;Lap in stint
T. GLOCK;24;2;114,245;1121,464;1;114,081;3;1
T. GLOCK;24;3;99,833;1221,297;1;99,751;3;2
T. GLOCK;24;4;99,809;1321,106;1;99,809;3;3
T. GLOCK;24;6;103,623;2404,13;2;103,541;2;1
T. GLOCK;24;7;107,027;2511,157;2;107,027;2;2
T. GLOCK;24;9;98,138;3239,78;3;97,729;6;1
T. GLOCK;24;10;98,033;3337,813;3;97,705;6;2
T. GLOCK;24;11;114,61;3452,423;3;114,364;6;3
T. GLOCK;24;12;98,011;3550,434;3;97,847;6;4
T. GLOCK;24;13;130,512;3680,946;3;130,43;6;5
T. GLOCK;24;14;146,806;3827,752;3;146,806;6;6
J. D'AMBROSIO;25;2;101,11;840,327;1;100,782;5;1
J. D'AMBROSIO;25;3;114,156;954,483;1;113,91;5;2
J. D'AMBROSIO;25;4;101,154;1055,637;1;100,99;5;3
J. D'AMBROSIO;25;5;100,73;1156,367;1;100,648;5;4
J. D'AMBROSIO;25;6;111,566;1267,933;1;111,566;5;5
J. D'AMBROSIO;25;8;100,25;2261,757;2;100,004;4;1
J. D'AMBROSIO;25;9;105,159;2366,916;2;104,995;4;2
J. D'AMBROSIO;25;10;100,645;2467,561;2;100,563;4;3
J. D'AMBROSIO;25;11;109,576;2577,137;2;109,576;4;4
J. D'AMBROSIO;25;13;97,938;3219,244;3;97,692;4;1
J. D'AMBROSIO;25;14;115,342;3334,586;3;115,178;4;2
J. D'AMBROSIO;25;15;98,538;3433,124;3;98,456;4;3
J. D'AMBROSIO;25;16;118,634;3551,758;3;118,634;4;4
H. KOVALAINEN;20;2;99,918;2323,162;1;99,509;6;1
H. KOVALAINEN;20;3;106,178;2429,34;1;105,85;6;2
H. KOVALAINEN;20;4;98,493;2527,833;1;98,247;6;3
H. KOVALAINEN;20;5;101,916;2629,749;1;101,752;6;4
H. KOVALAINEN;20;6;98,529;2728,278;1;98,447;6;5
H. KOVALAINEN;20;7;105,479;2833,757;1;105,479;6;6
H. KOVALAINEN;20;9;102,387;3292,268;2;102,059;5;1
H. KOVALAINEN;20;10;96,912;3389,18;2;96,666;5;2
H. KOVALAINEN;20;11;100,979;3490,159;2;100,815;5;3
H. KOVALAINEN;20;12;129,656;3619,815;2;129,574;5;4
H. KOVALAINEN;20;13;137,625;3757,44;2;137,625;5;5
J. TRULLI;21;2;105,267;2070,185;1;104,858;6;1
J. TRULLI;21;3;103,209;2173,394;1;102,881;6;2
J. TRULLI;21;4;98,823;2272,217;1;98,577;6;3
J. TRULLI;21;5;98,556;2370,773;1;98,392;6;4
J. TRULLI;21;6;98,095;2468,868;1;98,013;6;5
J. TRULLI;21;7;114,333;2583,201;1;114,333;6;6
J. TRULLI;21;9;96,37;3207,499;2;96,042;5;1
J. TRULLI;21;10;108,987;3316,486;2;108,741;5;2
J. TRULLI;21;11;96,327;3412,813;2;96,163;5;3
J. TRULLI;21;12;96,703;3509,516;2;96,621;5;4
J. TRULLI;21;13;121,756;3631,272;2;121,756;5;5
D. RICCIARDO;22;2;103,56;923,814;1;103,232;5;1
D. RICCIARDO;22;3;102,756;1026,57;1;102,51;5;2
D. RICCIARDO;22;4;101,187;1127,757;1;101,023;5;3
D. RICCIARDO;22;5;106,713;1234,47;1;106,631;5;4
D. RICCIARDO;22;6;100,699;1335,169;1;100,699;5;5
D. RICCIARDO;22;8;100,092;2541,888;2;99,928;3;1
D. RICCIARDO;22;9;99,591;2641,479;2;99,509;3;2
D. RICCIARDO;22;10;103,254;2744,733;2;103,254;3;3
D. RICCIARDO;22;12;98,355;3231,172;3;98,027;5;1
D. RICCIARDO;22;13;105,821;3336,993;3;105,575;5;2
D. RICCIARDO;22;14;98,497;3435,49;3;98,333;5;3
D. RICCIARDO;22;15;104,912;3540,402;3;104,83;5;4
D. RICCIARDO;22;16;121,193;3661,595;3;121,193;5;5
V. LIUZZI;23;2;102,496;876,471;1;102,168;5;1
V. LIUZZI;23;3;101,42;977,891;1;101,174;5;2
V. LIUZZI;23;4;101,097;1078,988;1;100,933;5;3
V. LIUZZI;23;5;101,325;1180,313;1;101,243;5;4
V. LIUZZI;23;6;111,716;1292,029;1;111,716;5;5
S. VETTEL;1;2;97,114;1118,869;1;96,95;3;1
S. VETTEL;1;3;93,987;1212,856;1;93,905;3;2
S. VETTEL;1;4;94,015;1306,871;1;94,015;3;3
S. VETTEL;1;6;106,383;2093,727;2;105,974;6;1
S. VETTEL;1;7;93,936;2187,663;2;93,608;6;2
S. VETTEL;1;8;96,672;2284,335;2;96,426;6;3
S. VETTEL;1;9;98,709;2383,044;2;98,545;6;4
S. VETTEL;1;10;93,756;2476,8;2;93,674;6;5
S. VETTEL;1;11;110,538;2587,338;2;110,538;6;6
S. VETTEL;1;13;92,122;3456,539;3;91,958;3;1
S. VETTEL;1;14;97,176;3553,715;3;97,094;3;2
S. VETTEL;1;15;130,904;3684,619;3;130,904;3;3
L. HAMILTON;3;2;100,75;1173,935;1;100,668;2;1
L. HAMILTON;3;3;102,725;1276,66;1;102,725;2;2
L. HAMILTON;3;5;94,62;2134,483;2;94,374;4;1
L. HAMILTON;3;6;93,414;2227,897;2;93,25;4;2
L. HAMILTON;3;7;103,167;2331,064;2;103,085;4;3
L. HAMILTON;3;8;100,172;2431,236;2;100,172;4;4
L. HAMILTON;3;10;91,762;3178,255;3;91,434;5;1
L. HAMILTON;3;11;105,107;3283,362;3;104,861;5;2
L. HAMILTON;3;12;100,797;3384,159;3;100,633;5;3
L. HAMILTON;3;13;111,386;3495,545;3;111,304;5;4
L. HAMILTON;3;14;118,415;3613,96;3;118,415;5;5
M. WEBBER;2;2;97,76;2123,311;1;97,269;7;1
M. WEBBER;2;3;93,689;2217;1;93,279;7;2
M. WEBBER;2;4;105,239;2322,239;1;104,911;7;3
M. WEBBER;2;5;93,273;2415,512;1;93,027;7;4
M. WEBBER;2;6;104,342;2519,854;1;104,178;7;5
M. WEBBER;2;7;92,792;2612,646;1;92,71;7;6
M. WEBBER;2;8;104,691;2717,337;1;104,691;7;7
M. WEBBER;2;10;96,603;3463,14;2;96,439;3;1
M. WEBBER;2;11;92,401;3555,541;2;92,319;3;2
M. WEBBER;2;12;121,094;3676,635;2;121,094;3;3
F. ALONSO;5;2;106,575;2087,71;1;106,166;6;1
F. ALONSO;5;3;93,346;2181,056;1;93,018;6;2
F. ALONSO;5;4;104,984;2286,04;1;104,738;6;3
F. ALONSO;5;5;100,981;2387,021;1;100,817;6;4
F. ALONSO;5;6;93,069;2480,09;1;92,987;6;5
F. ALONSO;5;7;103,794;2583,884;1;103,794;6;6
F. ALONSO;5;9;92,279;3222,931;2;91,951;5;1
F. ALONSO;5;10;109,132;3332,063;2;108,886;5;2
F. ALONSO;5;11;98,073;3430,136;2;97,909;5;3
F. ALONSO;5;12;100,075;3530,211;2;99,993;5;4
F. ALONSO;5;13;113,839;3644,05;2;113,839;5;5
J. BUTTON;4;2;93,493;991,042;1;93,247;4;1
J. BUTTON;4;3;114,035;1105,077;1;113,871;4;2
J. BUTTON;4;4;93,044;1198,121;1;92,962;4;3
J. BUTTON;4;5;117,298;1315,419;1;117,298;4;4
J. BUTTON;4;7;99,379;2155,483;2;99,215;3;1
J. BUTTON;4;8;93,259;2248,742;2;93,177;3;2
J. BUTTON;4;9;107,843;2356,585;2;107,843;3;3
J. BUTTON;4;11;91,255;2796,156;3;91,173;2;1
J. BUTTON;4;12;107,491;2903,647;3;107,491;2;2
M. SCHUMACHER;7;2;94,405;1028,899;1;94,241;3;1
M. SCHUMACHER;7;3;109,447;1138,346;1;109,365;3;2
M. SCHUMACHER;7;4;94,365;1232,711;1;94,365;3;3
M. SCHUMACHER;7;7;101,852;2459,19;3;101,688;3;1
M. SCHUMACHER;7;8;92,725;2551,915;3;92,643;3;2
M. SCHUMACHER;7;9;109,133;2661,048;3;109,133;3;3
M. SCHUMACHER;7;11;96,29;3173,484;4;95,881;6;1
M. SCHUMACHER;7;12;96,961;3270,445;4;96,633;6;2
M. SCHUMACHER;7;13;96,893;3367,338;4;96,647;6;3
M. SCHUMACHER;7;14;96,901;3464,239;4;96,737;6;4
M. SCHUMACHER;7;15;97,07;3561,309;4;96,988;6;5
M. SCHUMACHER;7;16;124,598;3685,907;4;124,598;6;6
F. MASSA;6;2;106,142;2114,352;1;105,896;4;1
F. MASSA;6;3;94,737;2209,089;1;94,573;4;2
F. MASSA;6;4;110,297;2319,386;1;110,215;4;3
F. MASSA;6;5;105,655;2425,041;1;105,655;4;4
F. MASSA;6;7;93,877;2669,469;2;93,713;3;1
F. MASSA;6;8;94,539;2764,008;2;94,457;3;2
F. MASSA;6;9;104,257;2868,265;2;104,257;3;3
F. MASSA;6;11;92,429;3407,859;3;92,265;3;1
F. MASSA;6;12;113,577;3521,436;3;113,495;3;2
F. MASSA;6;13;113,627;3635,063;3;113,627;3;3
B. SENNA;9;2;95,389;1160,669;1;95,307;2;1
B. SENNA;9;3;104,469;1265,138;1;104,469;2;2
N. ROSBERG;8;2;102,248;1114,469;1;102,084;3;1
N. ROSBERG;8;3;94,814;1209,283;1;94,732;3;2
N. ROSBERG;8;4;110,87;1320,153;1;110,87;3;3
N. ROSBERG;8;6;92,878;2200,83;2;92,796;2;1
N. ROSBERG;8;7;117,92;2318,75;2;117,92;2;2
N. ROSBERG;8;9;93,495;3094,234;3;93,249;4;1
N. ROSBERG;8;10;106,022;3200,256;3;105,858;4;2
N. ROSBERG;8;11;93,798;3294,054;3;93,716;4;3
N. ROSBERG;8;12;115,42;3409,474;3;115,42;4;4
N. ROSBERG;8;14;120,078;3668,902;4;120,078;1;1
R. BARRICHELLO;11;2;101,419;952,016;1;101,173;4;1
R. BARRICHELLO;11;3;100,918;1052,934;1;100,754;4;2
R. BARRICHELLO;11;4;113,807;1166,741;1;113,725;4;3
R. BARRICHELLO;11;5;101,279;1268,02;1;101,279;4;4
R. BARRICHELLO;11;7;105,532;2169,108;2;105,204;5;1
R. BARRICHELLO;11;8;98,527;2267,635;2;98,281;5;2
R. BARRICHELLO;11;9;121,508;2389,143;2;121,344;5;3
R. BARRICHELLO;11;10;97,391;2486,534;2;97,309;5;4
R. BARRICHELLO;11;11;107,046;2593,58;2;107,046;5;5
R. BARRICHELLO;11;13;95,651;3418,368;3;95,405;4;1
R. BARRICHELLO;11;14;112,602;3530,97;3;112,438;4;2
R. BARRICHELLO;11;15;120,699;3651,669;3;120,617;4;3
R. BARRICHELLO;11;16;142,049;3793,718;3;142,049;4;4
V. PETROV;10;2;95,905;1131,994;1;95,741;3;1
V. PETROV;10;3;99,506;1231,5;1;99,424;3;2
V. PETROV;10;4;94,926;1326,426;1;94,926;3;3
V. PETROV;10;6;95,19;2337,823;2;95,026;3;1
V. PETROV;10;7;102,338;2440,161;2;102,256;3;2
V. PETROV;10;8;119,671;2559,832;2;119,671;3;3
V. PETROV;10;10;93,058;3356,104;3;92,73;5;1
V. PETROV;10;11;114,118;3470,222;3;113,872;5;2
V. PETROV;10;12;93,181;3563,403;3;93,017;5;3
V. PETROV;10;13;136,3;3699,703;3;136,218;5;4
V. PETROV;10;14;136,223;3835,926;3;136,223;5;5
P. MALDONADO;12;2;101,979;772,297;1;101,57;6;1
P. MALDONADO;12;3;101,424;873,721;1;101,096;6;2
P. MALDONADO;12;4;100,301;974,022;1;100,055;6;3
P. MALDONADO;12;5;101,073;1075,095;1;100,909;6;4
P. MALDONADO;12;6;100,695;1175,79;1;100,613;6;5
P. MALDONADO;12;7;100,584;1276,374;1;100,584;6;6
P. MALDONADO;12;9;97,601;2247,425;2;97,273;5;1
P. MALDONADO;12;10;97,209;2344,634;2;96,963;5;2
P. MALDONADO;12;11;108,683;2453,317;2;108,519;5;3
P. MALDONADO;12;12;96,527;2549,844;2;96,445;5;4
P. MALDONADO;12;13;109,558;2659,402;2;109,558;5;5
P. MALDONADO;12;15;94,321;3352,023;3;94,157;3;1
P. MALDONADO;12;16;124,907;3476,93;3;124,825;3;2
P. MALDONADO;12;17;95,827;3572,757;3;95,827;3;3
P. MALDONADO;12;19;131,796;3856,248;4;131,796;1;1
P. DI RESTA;15;2;105,989;2069,03;1;105,498;7;1
P. DI RESTA;15;3;96,085;2165,115;1;95,675;7;2
P. DI RESTA;15;4;109,369;2274,484;1;109,041;7;3
P. DI RESTA;15;5;139,78;2414,264;1;139,534;7;4
P. DI RESTA;15;6;95,385;2509,649;1;95,221;7;5
P. DI RESTA;15;7;95,459;2605,108;1;95,377;7;6
P. DI RESTA;15;8;105,953;2711,061;1;105,953;7;7
P. DI RESTA;15;10;93,99;3309,35;2;93,744;4;1
P. DI RESTA;15;11;108,158;3417,508;2;107,994;4;2
P. DI RESTA;15;12;97,149;3514,657;2;97,067;4;3
P. DI RESTA;15;13;125,037;3639,694;2;125,037;4;4
A. SUTIL;14;2;95,071;1193,813;1;94,989;2;1
A. SUTIL;14;3;106,276;1300,089;1;106,276;2;2
A. SUTIL;14;5;94,849;2138,78;2;94,685;3;1
A. SUTIL;14;6;94,669;2233,449;2;94,587;3;2
A. SUTIL;14;7;107,128;2340,577;2;107,128;3;3
A. SUTIL;14;9;93,424;3264,876;3;93,178;4;1
A. SUTIL;14;10;113,111;3377,987;3;112,947;4;2
A. SUTIL;14;11;93,814;3471,801;3;93,732;4;3
A. SUTIL;14;12;108,862;3580,663;3;108,862;4;4
S. PEREZ;17;2;96,227;908,784;1;95,899;5;1
S. PEREZ;17;3;96,154;1004,938;1;95,908;5;2
S. PEREZ;17;4;103,891;1108,829;1;103,727;5;3
S. PEREZ;17;5;95,502;1204,331;1;95,42;5;4
S. PEREZ;17;6;109,086;1313,417;1;109,086;5;5
S. PEREZ;17;8;104,675;2179,463;2;104,429;4;1
S. PEREZ;17;9;96,042;2275,505;2;95,878;4;2
S. PEREZ;17;10;103,025;2378,53;2;102,943;4;3
S. PEREZ;17;11;114,92;2493,45;2;114,92;4;4
S. PEREZ;17;13;93,836;3137,187;3;93,508;5;1
S. PEREZ;17;14;111,559;3248,746;3;111,313;5;2
S. PEREZ;17;15;98,789;3347,535;3;98,625;5;3
S. PEREZ;17;16;99,02;3446,555;3;98,938;5;4
S. PEREZ;17;17;124,779;3571,334;3;124,779;5;5
K. KOBAYASHI;16;2;102,609;941,481;1;102,281;5;1
K. KOBAYASHI;16;3;95,261;1036,742;1;95,015;5;2
K. KOBAYASHI;16;4;111,618;1148,36;1;111,454;5;3
K. KOBAYASHI;16;5;95,699;1244,059;1;95,617;5;4
K. KOBAYASHI;16;6;105,583;1349,642;1;105,583;5;5
K. KOBAYASHI;16;8;102,084;2599,926;2;101,92;3;1
K. KOBAYASHI;16;9;96,38;2696,306;2;96,298;3;2
K. KOBAYASHI;16;10;102,63;2798,936;2;102,63;3;3
K. KOBAYASHI;16;12;104,946;3326,876;3;104,7;4;1
K. KOBAYASHI;16;13;93,818;3420,694;3;93,654;4;2
K. KOBAYASHI;16;14;114,53;3535,224;3;114,448;4;3
K. KOBAYASHI;16;15;122,243;3657,467;3;122,243;4;4
J. ALGUERSUARI;19;2;96,056;927,929;1;95,81;4;1
J. ALGUERSUARI;19;3;95,732;1023,661;1;95,568;4;2
J. ALGUERSUARI;19;4;95,66;1119,321;1;95,578;4;3
J. ALGUERSUARI;19;5;113,535;1232,856;1;113,535;4;4
J. ALGUERSUARI;19;7;105,339;2101,115;2;105,093;4;1
J. ALGUERSUARI;19;8;95,689;2196,804;2;95,525;4;2
J. ALGUERSUARI;19;9;95,727;2292,531;2;95,645;4;3
J. ALGUERSUARI;19;10;105,381;2397,912;2;105,381;4;4
J. ALGUERSUARI;19;12;93,545;2965,147;3;93,381;3;1
J. ALGUERSUARI;19;13;94,316;3059,463;3;94,234;3;2
J. ALGUERSUARI;19;14;108,008;3167,471;3;108,008;3;3
J. ALGUERSUARI;19;16;124,37;3669,542;4;124,37;1;1
S. BUEMI;18;2;96,21;919,413;1;96,046;3;1
S. BUEMI;18;3;95,393;1014,806;1;95,311;3;2
S. BUEMI;18;4;112,773;1127,579;1;112,773;3;3
S. BUEMI;18;6;105,171;2095,37;2;104,925;4;1
S. BUEMI;18;7;95,64;2191,01;2;95,476;4;2
S. BUEMI;18;8;95,629;2286,639;2;95,547;4;3
S. BUEMI;18;9;108,453;2395,092;2;108,453;4;4
S. BUEMI;18;11;93,469;3102,399;3;93,059;6;1
S. BUEMI;18;12;104,154;3206,553;3;103,826;6;2
S. BUEMI;18;13;94,154;3300,707;3;93,908;6;3
S. BUEMI;18;14;101,501;3402,208;3;101,337;6;4
S. BUEMI;18;15;114,127;3516,335;3;114,045;6;5
S. BUEMI;18;16;128,991;3645,326;3;128,991;6;6
