﻿Name;DriverNum;Lap;Time;Elapsed;Stint;Fuel Corrected Laptime;Stint Length;Lap in stint
T. GLOCK;24;1;98,486;106,486;1;98,122;5;1
T. GLOCK;24;2;111,337;217,823;1;111,064;5;2
T. GLOCK;24;3;97,131;314,954;1;96,949;5;3
T. GLOCK;24;4;97,017;411,971;1;96,926;5;4
T. GLOCK;24;5;103,874;515,845;1;103,874;5;5
T. GLOCK;24;7;101,339;867,008;2;100,975;5;1
T. GLOCK;24;8;96,697;963,705;2;96,424;5;2
T. GLOCK;24;9;109,349;1073,054;2;109,167;5;3
T. GLOCK;24;10;96,4;1169,454;2;96,309;5;4
T. GLOCK;24;11;121,198;1290,652;2;121,198;5;5
J. D'AMBROSIO;25;1;101,351;101,351;1;100,987;5;1
J. D'AMBROSIO;25;2;97,942;199,293;1;97,669;5;2
J. D'AMBROSIO;25;3;97,453;296,746;1;97,271;5;3
J. D'AMBROSIO;25;4;97,137;393,883;1;97,046;5;4
J. D'AMBROSIO;25;5;105,922;499,805;1;105,922;5;5
J. D'AMBROSIO;25;7;100,108;870,573;2;99,744;5;1
J. D'AMBROSIO;25;8;96,918;967,491;2;96,645;5;2
J. D'AMBROSIO;25;9;102,686;1070,177;2;102,504;5;3
J. D'AMBROSIO;25;10;96,641;1166,818;2;96,55;5;4
J. D'AMBROSIO;25;11;115,052;1281,87;2;115,052;5;5
H. KOVALAINEN;20;1;101,176;189,176;1;100,812;5;1
H. KOVALAINEN;20;2;95,602;284,778;1;95,329;5;2
H. KOVALAINEN;20;3;106,527;391,305;1;106,345;5;3
H. KOVALAINEN;20;4;95,599;486,904;1;95,508;5;4
H. KOVALAINEN;20;5;103,985;590,889;1;103,985;5;5
H. KOVALAINEN;20;7;99,799;991,524;2;99,708;2;1
H. KOVALAINEN;20;8;114,053;1105,577;2;114,053;2;2
K. CHANDHOK;21;1;103,985;132,985;1;103,712;4;1
K. CHANDHOK;21;2;101,506;234,491;1;101,324;4;2
K. CHANDHOK;21;3;97,355;331,846;1;97,264;4;3
K. CHANDHOK;21;4;103,969;435,815;1;103,969;4;4
K. CHANDHOK;21;6;101,787;862,792;2;101,423;5;1
K. CHANDHOK;21;7;96,971;959,763;2;96,698;5;2
K. CHANDHOK;21;8;96,51;1056,273;2;96,328;5;3
K. CHANDHOK;21;9;96,422;1152,695;2;96,331;5;4
K. CHANDHOK;21;10;122,172;1274,867;2;122,172;5;5
D. RICCIARDO;22;1;104,632;146,632;1;104,268;5;1
D. RICCIARDO;22;2;98,344;244,976;1;98,071;5;2
D. RICCIARDO;22;3;97,743;342,719;1;97,561;5;3
D. RICCIARDO;22;4;97,617;440,336;1;97,526;5;4
D. RICCIARDO;22;5;102,716;543,052;1;102,716;5;5
D. RICCIARDO;22;7;101,913;956,982;2;101,64;4;1
D. RICCIARDO;22;8;97,295;1054,277;2;97,113;4;2
D. RICCIARDO;22;9;97,036;1151,313;2;96,945;4;3
D. RICCIARDO;22;10;127,478;1278,791;2;127,478;4;4
V. LIUZZI;23;1;105,469;110,469;1;105,105;5;1
V. LIUZZI;23;2;99,314;209,783;1;99,041;5;2
V. LIUZZI;23;3;97,865;307,648;1;97,683;5;3
V. LIUZZI;23;4;97,347;404,995;1;97,256;5;4
V. LIUZZI;23;5;106,1;511,095;1;106,1;5;5
V. LIUZZI;23;7;97,07;935,11;2;96,797;4;1
V. LIUZZI;23;8;97,044;1032,154;2;96,862;4;2
V. LIUZZI;23;9;97,011;1129,165;2;96,92;4;3
V. LIUZZI;23;10;127,484;1256,649;2;127,484;4;4
S. VETTEL;1;1;97,222;226,222;1;96,767;6;1
S. VETTEL;1;2;93,116;319,338;1;92,752;6;2
S. VETTEL;1;3;97,279;416,617;1;97,006;6;3
S. VETTEL;1;4;95,831;512,448;1;95,649;6;4
S. VETTEL;1;5;92,973;605,421;1;92,882;6;5
S. VETTEL;1;6;101,129;706,55;1;101,129;6;6
S. VETTEL;1;8;91,017;1838,522;2;90,926;2;1
S. VETTEL;1;9;109,941;1948,463;2;109,941;2;2
S. VETTEL;1;11;90,352;3177,023;3;90,261;2;1
S. VETTEL;1;12;105,06;3282,083;3;105,06;2;2
S. VETTEL;1;14;90,216;3557,576;4;90,125;2;1
S. VETTEL;1;15;120,434;3678,01;4;120,434;2;2
L. HAMILTON;3;1;96,539;222,539;1;96,175;5;1
L. HAMILTON;3;2;92,934;315,473;1;92,661;5;2
L. HAMILTON;3;3;111,095;426,568;1;110,913;5;3
L. HAMILTON;3;4;93,06;519,628;1;92,969;5;4
L. HAMILTON;3;5;104,208;623,836;1;104,208;5;5
L. HAMILTON;3;7;90,998;1798,75;2;90,907;2;1
L. HAMILTON;3;8;108,886;1907,636;2;108,886;2;2
L. HAMILTON;3;10;90,725;3110,939;3;90,634;2;1
L. HAMILTON;3;11;103,656;3214,595;3;103,656;2;2
L. HAMILTON;3;13;90,134;3533,363;4;90,043;2;1
L. HAMILTON;3;14;119,899;3653,262;4;119,899;2;2
M. WEBBER;2;1;96,398;170,398;1;95,943;6;1
M. WEBBER;2;2;94,084;264,482;1;93,72;6;2
M. WEBBER;2;3;93,566;358,048;1;93,293;6;3
M. WEBBER;2;4;100,472;458,52;1;100,29;6;4
M. WEBBER;2;5;93,096;551,616;1;93,005;6;5
M. WEBBER;2;6;104,618;656,234;1;104,618;6;6
M. WEBBER;2;8;91,563;1782,933;2;91,29;4;1
M. WEBBER;2;9;102,816;1885,749;2;102,634;4;2
M. WEBBER;2;10;91,311;1977,06;2;91,22;4;3
M. WEBBER;2;11;105,747;2082,807;2;105,747;4;4
M. WEBBER;2;13;90,251;3150,339;3;90,16;2;1
M. WEBBER;2;14;110,433;3260,772;3;110,433;2;2
M. WEBBER;2;16;90,079;3516,727;4;89,988;2;1
M. WEBBER;2;17;131,584;3648,311;4;131,584;2;2
F. ALONSO;5;1;95,945;241,945;1;95,581;5;1
F. ALONSO;5;2;93,444;335,389;1;93,171;5;2
F. ALONSO;5;3;95,241;430,63;1;95,059;5;3
F. ALONSO;5;4;92,916;523,546;1;92,825;5;4
F. ALONSO;5;5;99,821;623,367;1;99,821;5;5
F. ALONSO;5;7;91,15;1758,998;2;90,968;3;1
F. ALONSO;5;8;96,254;1855,252;2;96,163;3;2
F. ALONSO;5;9;101,788;1957,04;2;101,788;3;3
F. ALONSO;5;11;90,866;3095,374;3;90,775;2;1
F. ALONSO;5;12;99,147;3194,521;3;99,147;2;2
F. ALONSO;5;14;90,442;3508,341;4;90,351;2;1
F. ALONSO;5;15;111,705;3620,046;4;111,705;2;2
J. BUTTON;4;1;97,756;254,756;1;97,392;5;1
J. BUTTON;4;2;93,513;348,269;1;93,24;5;2
J. BUTTON;4;3;106,74;455,009;1;106,558;5;3
J. BUTTON;4;4;93,224;548,233;1;93,133;5;4
J. BUTTON;4;5;105,248;653,481;1;105,248;5;5
J. BUTTON;4;7;91,532;1829,611;2;91,441;2;1
J. BUTTON;4;8;117,026;1946,637;2;117,026;2;2
J. BUTTON;4;10;91,288;3134,133;3;91,197;2;1
J. BUTTON;4;11;109,562;3243,695;3;109,562;2;2
J. BUTTON;4;13;105,62;3567,721;4;105,62;1;1
M. SCHUMACHER;7;1;95,368;194,368;1;95,095;4;1
M. SCHUMACHER;7;2;94,608;288,976;1;94,426;4;2
M. SCHUMACHER;7;3;98,969;387,945;1;98,878;4;3
M. SCHUMACHER;7;4;99,634;487,579;1;99,634;4;4
M. SCHUMACHER;7;6;92,603;925,789;2;92,512;2;1
M. SCHUMACHER;7;7;107,769;1033,558;2;107,769;2;2
M. SCHUMACHER;7;9;92,897;1823,305;3;92,806;2;1
M. SCHUMACHER;7;10;104,556;1927,861;3;104,556;2;2
M. SCHUMACHER;7;12;92,18;2358,894;4;92,089;2;1
M. SCHUMACHER;7;13;104,048;2462,942;4;104,048;2;2
M. SCHUMACHER;7;15;99,357;3455,634;5;99,175;3;1
M. SCHUMACHER;7;16;92,482;3548,116;5;92,391;3;2
M. SCHUMACHER;7;17;115,504;3663,62;5;115,504;3;3
F. MASSA;6;1;101,961;142,961;1;101,597;5;1
F. MASSA;6;2;101,566;244,527;1;101,293;5;2
F. MASSA;6;3;94,062;338,589;1;93,88;5;3
F. MASSA;6;4;93,805;432,394;1;93,714;5;4
F. MASSA;6;5;95,976;528,37;1;95,976;5;5
F. MASSA;6;7;91,826;953,04;2;91,735;2;1
F. MASSA;6;8;112,569;1065,609;2;112,569;2;2
F. MASSA;6;10;91,792;1723,671;3;91,61;3;1
F. MASSA;6;11;91,582;1815,253;3;91,491;3;2
F. MASSA;6;12;94,547;1909,8;3;94,547;3;3
F. MASSA;6;14;90,973;3141,027;4;90,882;2;1
F. MASSA;6;15;105,087;3246,114;4;105,087;2;2
F. MASSA;6;17;90,91;3562,357;5;90,819;2;1
F. MASSA;6;18;118,328;3680,685;5;118,328;2;2
N. HEIDFELD;9;1;96,098;148,098;1;95,825;4;1
N. HEIDFELD;9;2;103,857;251,955;1;103,675;4;2
N. HEIDFELD;9;3;95,102;347,057;1;95,011;4;3
N. HEIDFELD;9;4;99,502;446,559;1;99,502;4;4
N. HEIDFELD;9;6;92,505;913,612;2;92,232;4;1
N. HEIDFELD;9;7;99,084;1012,696;2;98,902;4;2
N. HEIDFELD;9;8;92,677;1105,373;2;92,586;4;3
N. HEIDFELD;9;9;103,241;1208,614;2;103,241;4;4
N. HEIDFELD;9;11;92,225;1972,401;3;92,134;2;1
N. HEIDFELD;9;12;100,023;2072,424;3;100,023;2;2
N. HEIDFELD;9;14;92,215;2434,992;4;92,124;2;1
N. HEIDFELD;9;15;119,677;2554,669;4;119,677;2;2
N. ROSBERG;8;1;100,001;230,001;1;99,637;5;1
N. ROSBERG;8;2;96,546;326,547;1;96,273;5;2
N. ROSBERG;8;3;94,324;420,871;1;94,142;5;3
N. ROSBERG;8;4;94,252;515,123;1;94,161;5;4
N. ROSBERG;8;5;109,72;624,843;1;109,72;5;5
N. ROSBERG;8;7;106,325;951,221;2;106,143;3;1
N. ROSBERG;8;8;92,785;1044,006;2;92,694;3;2
N. ROSBERG;8;9;106,202;1150,208;2;106,202;3;3
N. ROSBERG;8;11;95,1;1768,454;3;94,918;3;1
N. ROSBERG;8;12;92,136;1860,59;3;92,045;3;2
N. ROSBERG;8;13;100,767;1961,357;3;100,767;3;3
N. ROSBERG;8;15;97,253;2354,235;4;97,071;3;1
N. ROSBERG;8;16;91,343;2445,578;4;91,252;3;2
N. ROSBERG;8;17;109,643;2555,221;4;109,643;3;3
N. ROSBERG;8;19;95,572;3432,944;5;95,39;3;1
N. ROSBERG;8;20;91,263;3524,207;5;91,172;3;2
N. ROSBERG;8;21;125,861;3650,068;5;125,861;3;3
R. BARRICHELLO;11;1;97,695;166,695;1;97,331;5;1
R. BARRICHELLO;11;2;106,211;272,906;1;105,938;5;2
R. BARRICHELLO;11;3;96,041;368,947;1;95,859;5;3
R. BARRICHELLO;11;4;95,646;464,593;1;95,555;5;4
R. BARRICHELLO;11;5;106,55;571,143;1;106,55;5;5
R. BARRICHELLO;11;7;93,664;947,206;2;93,482;3;1
R. BARRICHELLO;11;8;101,547;1048,753;2;101,456;3;2
R. BARRICHELLO;11;9;100,56;1149,313;2;100,56;3;3
R. BARRICHELLO;11;11;93,538;1772,675;3;93,447;2;1
R. BARRICHELLO;11;12;103,09;1875,765;3;103,09;2;2
R. BARRICHELLO;11;14;93,043;2276,754;4;92,77;4;1
R. BARRICHELLO;11;15;100,538;2377,292;4;100,356;4;2
R. BARRICHELLO;11;16;93,138;2470,43;4;93,047;4;3
R. BARRICHELLO;11;17;110,049;2580,479;4;110,049;4;4
V. PETROV;10;1;93,187;834,187;1;93,096;2;1
V. PETROV;10;2;107,486;941,673;1;107,486;2;2
V. PETROV;10;4;96,627;1794,175;2;96,445;3;1
V. PETROV;10;5;92,875;1887,05;2;92,784;3;2
V. PETROV;10;6;99,068;1986,118;2;99,068;3;3
V. PETROV;10;8;91,985;2438,994;3;91,894;2;1
V. PETROV;10;9;105,269;2544,263;3;105,269;2;2
V. PETROV;10;11;92,69;3101,965;4;92,599;2;1
V. PETROV;10;12;99,794;3201,759;4;99,794;2;2
V. PETROV;10;14;92,187;3539,54;5;92,096;2;1
V. PETROV;10;15;119,528;3659,068;5;119,528;2;2
P. MALDONADO;12;1;97,966;134,966;1;97,602;5;1
P. MALDONADO;12;2;96,914;231,88;1;96,641;5;2
P. MALDONADO;12;3;110,19;342,07;1;110,008;5;3
P. MALDONADO;12;4;95,286;437,356;1;95,195;5;4
P. MALDONADO;12;5;103,659;541,015;1;103,659;5;5
P. MALDONADO;12;7;93,003;904,968;2;92,912;2;1
P. MALDONADO;12;8;106,592;1011,56;2;106,592;2;2
P. MALDONADO;12;10;92,635;2226,972;3;92,453;3;1
P. MALDONADO;12;11;104,237;2331,209;3;104,146;3;2
P. MALDONADO;12;12;96,622;2427,831;3;96,622;3;3
P. DI RESTA;15;1;96,763;173,763;1;96,399;5;1
P. DI RESTA;15;2;95,197;268,96;1;94,924;5;2
P. DI RESTA;15;3;95,287;364,247;1;95,105;5;3
P. DI RESTA;15;4;95,41;459,657;1;95,319;5;4
P. DI RESTA;15;5;104,072;563,729;1;104,072;5;5
P. DI RESTA;15;7;92,651;995,739;2;92,56;2;1
P. DI RESTA;15;8;105,074;1100,813;2;105,074;2;2
P. DI RESTA;15;10;93,63;1788,178;3;93,539;2;1
P. DI RESTA;15;11;105,618;1893,796;3;105,618;2;2
P. DI RESTA;15;13;92,56;2314,443;4;92,469;2;1
P. DI RESTA;15;14;101,3;2415,743;4;101,3;2;2
A. SUTIL;14;1;96,746;214,746;1;96,382;5;1
A. SUTIL;14;2;95,012;309,758;1;94,739;5;2
A. SUTIL;14;3;100,369;410,127;1;100,187;5;3
A. SUTIL;14;4;95,15;505,277;1;95,059;5;4
A. SUTIL;14;5;105,364;610,641;1;105,364;5;5
A. SUTIL;14;7;92,286;977,797;2;92,195;2;1
A. SUTIL;14;8;104,98;1082,777;2;104,98;2;2
A. SUTIL;14;10;93,011;1835,093;3;92,92;2;1
A. SUTIL;14;11;102,385;1937,478;3;102,385;2;2
A. SUTIL;14;13;91,809;2379,826;4;91,718;2;1
A. SUTIL;14;14;106,642;2486,468;4;106,642;2;2
A. SUTIL;14;16;92,01;3473,599;5;91,919;2;1
A. SUTIL;14;17;111,872;3585,471;5;111,872;2;2
S. PEREZ;17;1;93,743;691,743;1;93,47;4;1
S. PEREZ;17;2;93,743;785,486;1;93,561;4;2
S. PEREZ;17;3;93,295;878,781;1;93,204;4;3
S. PEREZ;17;4;106,361;985,142;1;106,361;4;4
S. PEREZ;17;6;93,845;1713,125;2;93,663;3;1
S. PEREZ;17;7;93,296;1806,421;2;93,205;3;2
S. PEREZ;17;8;107,224;1913,645;2;107,224;3;3
S. PEREZ;17;10;93,462;2269,425;3;93,189;4;1
S. PEREZ;17;11;100,703;2370,128;3;100,521;4;2
S. PEREZ;17;12;93,176;2463,304;3;93,085;4;3
S. PEREZ;17;13;132,826;2596,13;3;132,826;4;4
K. KOBAYASHI;16;1;93,949;731,949;1;93,676;4;1
K. KOBAYASHI;16;2;101,961;833,91;1;101,779;4;2
K. KOBAYASHI;16;3;93,786;927,696;1;93,695;4;3
K. KOBAYASHI;16;4;100,087;1027,783;1;100,087;4;4
J. ALGUERSUARI;19;1;94,187;256,187;1;93,914;4;1
J. ALGUERSUARI;19;2;96,905;353,092;1;96,723;4;2
J. ALGUERSUARI;19;3;94,007;447,099;1;93,916;4;3
J. ALGUERSUARI;19;4;106,01;553,109;1;106,01;4;4
J. ALGUERSUARI;19;6;93,658;942,67;2;93,567;2;1
J. ALGUERSUARI;19;7;102,546;1045,216;2;102,546;2;2
J. ALGUERSUARI;19;9;93,698;2100,102;3;93,607;2;1
J. ALGUERSUARI;19;10;119,955;2220,057;3;119,955;2;2
S. BUEMI;18;1;94,296;373,296;1;94,023;4;1
S. BUEMI;18;2;96,547;469,843;1;96,365;4;2
S. BUEMI;18;3;93,968;563,811;1;93,877;4;3
S. BUEMI;18;4;103,232;667,043;1;103,232;4;4
S. BUEMI;18;6;93,635;1014,806;2;93,544;2;1
S. BUEMI;18;7;109,192;1123,998;2;109,192;2;2
S. BUEMI;18;9;93,546;2154,805;3;93,455;2;1
S. BUEMI;18;10;109,859;2264,664;3;109,859;2;2
