﻿Name;DriverNum;Lap;Time;Elapsed;Stint;Fuel Corrected Laptime;Stint Length;Lap in stint
T. GLOCK;24;1;139,948;153,948;1;139,213;8;1
T. GLOCK;24;2;136,348;290,296;1;135,718;8;2
T. GLOCK;24;3;135,439;425,735;1;134,914;8;3
T. GLOCK;24;4;134,197;559,932;1;133,777;8;4
T. GLOCK;24;5;140,051;699,983;1;139,736;8;5
T. GLOCK;24;6;155,199;855,182;1;154,989;8;6
T. GLOCK;24;7;129,566;984,748;1;129,461;8;7
T. GLOCK;24;8;157,123;1141,871;1;157,123;8;8
J. D'AMBROSIO;25;1;139,578;156,578;1;138,843;8;1
J. D'AMBROSIO;25;2;135,693;292,271;1;135,063;8;2
J. D'AMBROSIO;25;3;140,011;432,282;1;139,486;8;3
J. D'AMBROSIO;25;4;133,974;566,256;1;133,554;8;4
J. D'AMBROSIO;25;5;140,698;706,954;1;140,383;8;5
J. D'AMBROSIO;25;6;131,601;838,555;1;131,391;8;6
J. D'AMBROSIO;25;7;138,612;977,167;1;138,507;8;7
J. D'AMBROSIO;25;8;147,207;1124,374;1;147,207;8;8
H. KOVALAINEN;20;1;138,487;221,487;1;138,067;5;1
H. KOVALAINEN;20;2;130,727;352,214;1;130,412;5;2
H. KOVALAINEN;20;3;139,6;491,814;1;139,39;5;3
H. KOVALAINEN;20;4;127,893;619,707;1;127,788;5;4
H. KOVALAINEN;20;5;137,323;757,03;1;137,323;5;5
H. KOVALAINEN;20;7;126,78;1138,693;2;126,675;2;1
H. KOVALAINEN;20;8;142,951;1281,644;2;142,951;2;2
H. KOVALAINEN;20;11;131,413;2613,41;4;131,203;3;1
H. KOVALAINEN;20;12;128,354;2741,764;4;128,249;3;2
H. KOVALAINEN;20;13;148,869;2890,633;4;148,869;3;3
J. TRULLI;21;1;137,13;197,13;1;136,71;5;1
J. TRULLI;21;2;132,835;329,965;1;132,52;5;2
J. TRULLI;21;3;130,633;460,598;1;130,423;5;3
J. TRULLI;21;4;128,773;589,371;1;128,668;5;4
J. TRULLI;21;5;139,187;728,558;1;139,187;5;5
D. RICCIARDO;22;1;140,812;165,812;1;140,077;8;1
D. RICCIARDO;22;2;137,496;303,308;1;136,866;8;2
D. RICCIARDO;22;3;138,238;441,546;1;137,713;8;3
D. RICCIARDO;22;4;137,671;579,217;1;137,251;8;4
D. RICCIARDO;22;5;135,892;715,109;1;135,577;8;5
D. RICCIARDO;22;6;133,101;848,21;1;132,891;8;6
D. RICCIARDO;22;7;133,077;981,287;1;132,972;8;7
D. RICCIARDO;22;8;153,68;1134,967;1;153,68;8;8
V. LIUZZI;23;1;145,32;164,32;1;144,585;8;1
V. LIUZZI;23;2;137,878;302,198;1;137,248;8;2
V. LIUZZI;23;3;136,569;438,767;1;136,044;8;3
V. LIUZZI;23;4;134,874;573,641;1;134,454;8;4
V. LIUZZI;23;5;140,931;714,572;1;140,616;8;5
V. LIUZZI;23;6;133,182;847,754;1;132,972;8;6
V. LIUZZI;23;7;131,616;979,37;1;131,511;8;7
V. LIUZZI;23;8;160,376;1139,746;1;160,376;8;8
S. VETTEL;1;1;138,45;187,45;1;137,715;8;1
S. VETTEL;1;2;127,723;315,173;1;127,093;8;2
S. VETTEL;1;3;131,152;446,325;1;130,627;8;3
S. VETTEL;1;4;126,595;572,92;1;126,175;8;4
S. VETTEL;1;5;125,743;698,663;1;125,428;8;5
S. VETTEL;1;6;123,029;821,692;1;122,819;8;6
S. VETTEL;1;7;125,734;947,426;1;125,629;8;7
S. VETTEL;1;8;140,068;1087,494;1;140,068;8;8
S. VETTEL;1;10;127,085;1810,54;2;126,98;2;1
S. VETTEL;1;11;133,118;1943,658;2;133,118;2;2
S. VETTEL;1;13;123,317;2634,483;3;123,212;2;1
S. VETTEL;1;14;132,75;2767,233;3;132,75;2;2
S. VETTEL;1;16;114,767;3532,593;4;114,452;4;1
S. VETTEL;1;17;111,239;3643,832;4;111,029;4;2
S. VETTEL;1;18;109,18;3753,012;4;109,075;4;3
S. VETTEL;1;19;108,298;3861,31;4;108,298;4;4
L. HAMILTON;3;1;129,506;173,506;1;128,876;7;1
L. HAMILTON;3;2;139,024;312,53;1;138,499;7;2
L. HAMILTON;3;3;157,651;470,181;1;157,231;7;3
L. HAMILTON;3;4;124,24;594,421;1;123,925;7;4
L. HAMILTON;3;5;123,008;717,429;1;122,798;7;5
L. HAMILTON;3;6;129,318;846,747;1;129,213;7;6
L. HAMILTON;3;7;128,302;975,049;1;128,302;7;7
L. HAMILTON;3;9;127,737;1788,79;2;127,632;2;1
L. HAMILTON;3;10;128,711;1917,501;2;128,711;2;2
L. HAMILTON;3;12;132,665;2621,081;3;132,455;3;1
L. HAMILTON;3;13;122,823;2743,904;3;122,718;3;2
L. HAMILTON;3;14;158,929;2902,833;3;158,929;3;3
L. HAMILTON;3;16;111,338;3638,014;4;111,128;3;1
L. HAMILTON;3;17;109,467;3747,481;4;109,362;3;2
L. HAMILTON;3;18;108,73;3856,211;4;108,73;3;3
M. WEBBER;2;1;137,597;194,597;1;136,862;8;1
M. WEBBER;2;2;126,872;321,469;1;126,242;8;2
M. WEBBER;2;3;135,845;457,314;1;135,32;8;3
M. WEBBER;2;4;124,481;581,795;1;124,061;8;4
M. WEBBER;2;5;131,63;713,425;1;131,315;8;5
M. WEBBER;2;6;130,467;843,892;1;130,257;8;6
M. WEBBER;2;7;122,827;966,719;1;122,722;8;7
M. WEBBER;2;8;142,234;1108,953;1;142,234;8;8
M. WEBBER;2;10;127,569;1792,217;2;127,464;2;1
M. WEBBER;2;11;126,644;1918,861;2;126,644;2;2
M. WEBBER;2;13;124,542;2627,544;3;124,332;3;1
M. WEBBER;2;14;123,302;2750,846;3;123,197;3;2
M. WEBBER;2;15;136,989;2887,835;3;136,989;3;3
M. WEBBER;2;17;113,798;3510,597;4;113,378;5;1
M. WEBBER;2;18;110,875;3621,472;4;110,56;5;2
M. WEBBER;2;19;109,376;3730,848;4;109,166;5;3
M. WEBBER;2;20;109,473;3840,321;4;109,368;5;4
M. WEBBER;2;21;146,903;3987,224;4;146,903;5;5
F. ALONSO;5;1;129,99;199,99;1;129,465;6;1
F. ALONSO;5;2;146,888;346,878;1;146,468;6;2
F. ALONSO;5;3;127,762;474,64;1;127,447;6;3
F. ALONSO;5;4;137,243;611,883;1;137,033;6;4
F. ALONSO;5;5;124,45;736,333;1;124,345;6;5
F. ALONSO;5;6;140,564;876,897;1;140,564;6;6
F. ALONSO;5;8;129,208;1772,916;2;129,103;2;1
F. ALONSO;5;9;144,8;1917,716;2;144,8;2;2
F. ALONSO;5;11;126,119;2605,158;3;125,804;4;1
F. ALONSO;5;12;128,339;2733,497;3;128,129;4;2
F. ALONSO;5;13;122,768;2856,265;3;122,663;4;3
F. ALONSO;5;14;149,591;3005,856;3;149,591;4;4
F. ALONSO;5;16;114,55;3500,978;4;114,13;5;1
F. ALONSO;5;17;115,433;3616,411;4;115,118;5;2
F. ALONSO;5;18;115,678;3732,089;4;115,468;5;3
F. ALONSO;5;19;111,251;3843,34;4;111,146;5;4
F. ALONSO;5;20;150,084;3993,424;4;150,084;5;5
J. BUTTON;4;1;132,486;166,486;1;131,961;6;1
J. BUTTON;4;2;133,081;299,567;1;132,661;6;2
J. BUTTON;4;3;127,195;426,762;1;126,88;6;3
J. BUTTON;4;4;133,019;559,781;1;132,809;6;4
J. BUTTON;4;5;123,882;683,663;1;123,777;6;5
J. BUTTON;4;6;121,813;805,476;1;121,813;6;6
J. BUTTON;4;9;127,232;1778,057;3;127,127;2;1
J. BUTTON;4;10;127,611;1905,668;3;127,611;2;2
J. BUTTON;4;12;125,15;2617,136;4;125,045;2;1
J. BUTTON;4;13;144,186;2761,322;4;144,186;2;2
F. MASSA;6;1;131,002;224,002;1;130,477;6;1
F. MASSA;6;2;129,632;353,634;1;129,212;6;2
F. MASSA;6;3;134,026;487,66;1;133,711;6;3
F. MASSA;6;4;126,875;614,535;1;126,665;6;4
F. MASSA;6;5;125,834;740,369;1;125,729;6;5
F. MASSA;6;6;138,621;878,99;1;138,621;6;6
F. MASSA;6;8;129,377;1820,064;2;129,272;2;1
F. MASSA;6;9;128,608;1948,672;2;128,608;2;2
F. MASSA;6;11;126,223;2643,108;3;126,013;3;1
F. MASSA;6;12;124,507;2767,615;3;124,402;3;2
F. MASSA;6;13;150,938;2918,553;3;150,938;3;3
F. MASSA;6;15;114,516;3517,403;4;114,201;4;1
F. MASSA;6;16;112,07;3629,473;4;111,86;4;2
F. MASSA;6;17;112,407;3741,88;4;112,302;4;3
F. MASSA;6;18;110,256;3852,136;4;110,256;4;4
B. SENNA;9;1;130,625;243,625;1;129,89;8;1
B. SENNA;9;2;133,407;377,032;1;132,777;8;2
B. SENNA;9;3;128,112;505,144;1;127,587;8;3
B. SENNA;9;4;132,971;638,115;1;132,551;8;4
B. SENNA;9;5;125,047;763,162;1;124,732;8;5
B. SENNA;9;6;131,723;894,885;1;131,513;8;6
B. SENNA;9;7;127,143;1022,028;1;127,038;8;7
B. SENNA;9;8;135,269;1157,297;1;135,269;8;8
B. SENNA;9;10;132,419;1779,67;2;132,314;2;1
B. SENNA;9;11;130,3;1909,97;2;130,3;2;2
B. SENNA;9;13;127,35;2597,95;3;127,035;4;1
B. SENNA;9;14;125,653;2723,603;3;125,443;4;2
B. SENNA;9;15;124,452;2848,055;3;124,347;4;3
B. SENNA;9;16;148,141;2996,196;3;148,141;4;4
B. SENNA;9;18;117,87;3548,348;4;117,555;4;1
B. SENNA;9;19;113,931;3662,279;4;113,721;4;2
B. SENNA;9;20;111,79;3774,069;4;111,685;4;3
B. SENNA;9;21;111,121;3885,19;4;111,121;4;4
N. ROSBERG;8;1;148,122;183,122;1;147,387;8;1
N. ROSBERG;8;2;130,055;313,177;1;129,425;8;2
N. ROSBERG;8;3;139,903;453,08;1;139,378;8;3
N. ROSBERG;8;4;127,5;580,58;1;127,08;8;4
N. ROSBERG;8;5;131,592;712,172;1;131,277;8;5
N. ROSBERG;8;6;127,18;839,352;1;126,97;8;6
N. ROSBERG;8;7;125,091;964,443;1;124,986;8;7
N. ROSBERG;8;8;140,682;1105,125;1;140,682;8;8
N. ROSBERG;8;10;129,746;1808,837;2;129,641;2;1
N. ROSBERG;8;11;128,467;1937,304;2;128,467;2;2
N. ROSBERG;8;13;125,534;2681,072;3;125,324;3;1
N. ROSBERG;8;14;123,723;2804,795;3;123,618;3;2
N. ROSBERG;8;15;148,521;2953,316;3;148,521;3;3
N. ROSBERG;8;17;141,22;3555,885;4;140,905;4;1
N. ROSBERG;8;18;114,921;3670,806;4;114,711;4;2
N. ROSBERG;8;19;111,315;3782,121;4;111,21;4;3
N. ROSBERG;8;20;110,552;3892,673;4;110,552;4;4
R. BARRICHELLO;11;1;141,835;172,835;1;141,1;8;1
R. BARRICHELLO;11;2;132,045;304,88;1;131,415;8;2
R. BARRICHELLO;11;3;133,334;438,214;1;132,809;8;3
R. BARRICHELLO;11;4;128,828;567,042;1;128,408;8;4
R. BARRICHELLO;11;5;138,22;705,262;1;137,905;8;5
R. BARRICHELLO;11;6;125,72;830,982;1;125,51;8;6
R. BARRICHELLO;11;7;125,942;956,924;1;125,837;8;7
R. BARRICHELLO;11;8;145,856;1102,78;1;145,856;8;8
R. BARRICHELLO;11;10;130,368;1764,836;2;130,263;2;1
R. BARRICHELLO;11;11;138,545;1903,381;2;138,545;2;2
R. BARRICHELLO;11;13;131,117;2615,626;3;130,907;3;1
R. BARRICHELLO;11;14;127,349;2742,975;3;127,244;3;2
R. BARRICHELLO;11;15;143,209;2886,184;3;143,209;3;3
V. PETROV;10;1;134,554;311,554;1;133,924;7;1
V. PETROV;10;2;129,339;440,893;1;128,814;7;2
V. PETROV;10;3;133,891;574,784;1;133,471;7;3
V. PETROV;10;4;126,838;701,622;1;126,523;7;4
V. PETROV;10;5;125,35;826,972;1;125,14;7;5
V. PETROV;10;6;125,292;952,264;1;125,187;7;6
V. PETROV;10;7;141,388;1093,652;1;141,388;7;7
V. PETROV;10;9;132,436;1761,152;2;132,331;2;1
V. PETROV;10;10;129,007;1890,159;2;129,007;2;2
V. PETROV;10;12;126,505;2601,632;3;126,19;4;1
V. PETROV;10;13;125,797;2727,429;3;125,587;4;2
V. PETROV;10;14;123,466;2850,895;3;123,361;4;3
V. PETROV;10;15;154,376;3005,271;3;154,376;4;4
V. PETROV;10;17;116,934;3563;4;116,619;4;1
V. PETROV;10;18;125,75;3688,75;4;125,54;4;2
V. PETROV;10;19;114,034;3802,784;4;113,929;4;3
V. PETROV;10;20;112,303;3915,087;4;112,303;4;4
P. MALDONADO;12;1;141,7;162,7;1;140,965;8;1
P. MALDONADO;12;2;130,769;293,469;1;130,139;8;2
P. MALDONADO;12;3;131,339;424,808;1;130,814;8;3
P. MALDONADO;12;4;128,971;553,779;1;128,551;8;4
P. MALDONADO;12;5;134,55;688,329;1;134,235;8;5
P. MALDONADO;12;6;125,621;813,95;1;125,411;8;6
P. MALDONADO;12;7;126,255;940,205;1;126,15;8;7
P. MALDONADO;12;8;143,406;1083,611;1;143,406;8;8
P. MALDONADO;12;10;130,691;1796,878;2;130,586;2;1
P. MALDONADO;12;11;131,011;1927,889;2;131,011;2;2
P. MALDONADO;12;13;128,106;2615,924;3;128,001;2;1
P. MALDONADO;12;14;128,418;2744,342;3;128,418;2;2
P. DI RESTA;15;1;134,858;189,858;1;134,543;4;1
P. DI RESTA;15;2;128,428;318,286;1;128,218;4;2
P. DI RESTA;15;3;127,758;446,044;1;127,653;4;3
P. DI RESTA;15;4;133,815;579,859;1;133,815;4;4
P. DI RESTA;15;6;129,93;1001,681;2;129,825;2;1
P. DI RESTA;15;7;142,703;1144,384;2;142,703;2;2
A. SUTIL;14;1;132,295;204,295;1;131,875;5;1
A. SUTIL;14;2;128,256;332,551;1;127,941;5;2
A. SUTIL;14;3;132,98;465,531;1;132,77;5;3
A. SUTIL;14;4;126;591,531;1;125,895;5;4
A. SUTIL;14;5;133,137;724,668;1;133,137;5;5
A. SUTIL;14;7;126,166;1110,837;2;126,061;2;1
A. SUTIL;14;8;139,429;1250,266;2;139,429;2;2
A. SUTIL;14;10;127,777;1845,698;3;127,777;1;1
S. PEREZ;17;1;131,812;209,812;1;131,077;8;1
S. PEREZ;17;2;130,422;340,234;1;129,792;8;2
S. PEREZ;17;3;133,315;473,549;1;132,79;8;3
S. PEREZ;17;4;131,204;604,753;1;130,784;8;4
S. PEREZ;17;5;126,432;731,185;1;126,117;8;5
S. PEREZ;17;6;129,664;860,849;1;129,454;8;6
S. PEREZ;17;7;126,284;987,133;1;126,179;8;7
S. PEREZ;17;8;149,683;1136,816;1;149,683;8;8
S. PEREZ;17;10;130,374;1801,421;2;130,269;2;1
S. PEREZ;17;11;129,22;1930,641;2;129,22;2;2
S. PEREZ;17;13;128,069;2592,244;3;127,754;4;1
S. PEREZ;17;14;127,02;2719,264;3;126,81;4;2
S. PEREZ;17;15;124,625;2843,889;3;124,52;4;3
S. PEREZ;17;16;149,131;2993,02;3;149,131;4;4
S. PEREZ;17;18;118,312;3497,75;4;117,892;5;1
S. PEREZ;17;19;112,896;3610,646;4;112,581;5;2
S. PEREZ;17;20;117,649;3728,295;4;117,439;5;3
S. PEREZ;17;21;111,374;3839,669;4;111,269;5;4
S. PEREZ;17;22;160,336;4000,005;4;160,336;5;5
K. KOBAYASHI;16;1;131,946;257,946;1;131,106;9;1
K. KOBAYASHI;16;2;134,703;392,649;1;133,968;9;2
K. KOBAYASHI;16;3;129,177;521,826;1;128,547;9;3
K. KOBAYASHI;16;4;133,078;654,904;1;132,553;9;4
K. KOBAYASHI;16;5;127,194;782,098;1;126,774;9;5
K. KOBAYASHI;16;6;136,181;918,279;1;135,866;9;6
K. KOBAYASHI;16;7;133,508;1051,787;1;133,298;9;7
K. KOBAYASHI;16;8;127,48;1179,267;1;127,375;9;8
K. KOBAYASHI;16;9;141,196;1320,463;1;141,196;9;9
K. KOBAYASHI;16;11;131,484;1784,154;2;131,379;2;1
K. KOBAYASHI;16;12;130,391;1914,545;2;130,391;2;2
K. KOBAYASHI;16;14;126,481;2672,567;3;126,376;2;1
K. KOBAYASHI;16;15;124,757;2797,324;3;124,757;2;2
J. ALGUERSUARI;19;1;134,32;134,32;1;133,585;8;1
J. ALGUERSUARI;19;2;131,306;265,626;1;130,676;8;2
J. ALGUERSUARI;19;3;129,762;395,388;1;129,237;8;3
J. ALGUERSUARI;19;4;128,962;524,35;1;128,542;8;4
J. ALGUERSUARI;19;5;127,156;651,506;1;126,841;8;5
J. ALGUERSUARI;19;6;125,768;777,274;1;125,558;8;6
J. ALGUERSUARI;19;7;125,419;902,693;1;125,314;8;7
J. ALGUERSUARI;19;8;139,261;1041,954;1;139,261;8;8
J. ALGUERSUARI;19;10;130,471;1745,945;2;130,366;2;1
J. ALGUERSUARI;19;11;129,017;1874,962;2;129,017;2;2
J. ALGUERSUARI;19;13;127,008;2578,92;3;126,693;4;1
J. ALGUERSUARI;19;14;125,783;2704,703;3;125,573;4;2
J. ALGUERSUARI;19;15;124,561;2829,264;3;124,456;4;3
J. ALGUERSUARI;19;16;138,358;2967,622;3;138,358;4;4
J. ALGUERSUARI;19;18;115,573;3538,026;4;115,258;4;1
J. ALGUERSUARI;19;19;112,627;3650,653;4;112,417;4;2
J. ALGUERSUARI;19;20;111,232;3761,885;4;111,127;4;3
J. ALGUERSUARI;19;21;110,773;3872,658;4;110,773;4;4
S. BUEMI;18;1;131,806;139,806;1;131,176;7;1
S. BUEMI;18;2;129,653;269,459;1;129,128;7;2
S. BUEMI;18;3;132,712;402,171;1;132,292;7;3
S. BUEMI;18;4;128,248;530,419;1;127,933;7;4
S. BUEMI;18;5;127,28;657,699;1;127,07;7;5
S. BUEMI;18;6;130,944;788,643;1;130,839;7;6
S. BUEMI;18;7;124,744;913,387;1;124,744;7;7
S. BUEMI;18;10;129,421;1751,153;3;129,316;2;1
S. BUEMI;18;11;128,878;1880,031;3;128,878;2;2
S. BUEMI;18;13;126,31;2584,801;4;125,995;4;1
S. BUEMI;18;14;125,642;2710,443;4;125,432;4;2
S. BUEMI;18;15;124,692;2835,135;4;124,587;4;3
S. BUEMI;18;16;138,306;2973,441;4;138,306;4;4
