﻿Name;DriverNum;Lap;Time;Elapsed;Stint;Fuel Corrected Laptime;Stint Length;Lap in stint
T. GLOCK;24;1;90,733;170,733;1;90,589;5;1
T. GLOCK;24;2;82,075;252,808;1;81,967;5;2
T. GLOCK;24;3;78,963;331,771;1;78,891;5;3
T. GLOCK;24;4;84,209;415,98;1;84,173;5;4
T. GLOCK;24;5;78,619;494,599;1;78,619;5;5
T. GLOCK;24;7;96,763;921,742;2;96,619;5;1
T. GLOCK;24;8;78,448;1000,19;2;78,34;5;2
T. GLOCK;24;9;78,26;1078,45;2;78,188;5;3
T. GLOCK;24;10;92,176;1170,626;2;92,14;5;4
T. GLOCK;24;11;77,914;1248,54;2;77,914;5;5
J. D'AMBROSIO;25;1;94,134;94,134;1;93,99;5;1
J. D'AMBROSIO;25;2;83,192;177,326;1;83,084;5;2
J. D'AMBROSIO;25;3;80,015;257,341;1;79,943;5;3
J. D'AMBROSIO;25;4;86,421;343,762;1;86,385;5;4
J. D'AMBROSIO;25;5;79,883;423,645;1;79,883;5;5
J. D'AMBROSIO;25;7;94,391;916,421;2;94,283;4;1
J. D'AMBROSIO;25;8;86,138;1002,559;2;86,066;4;2
J. D'AMBROSIO;25;9;78,736;1081,295;2;78,7;4;3
J. D'AMBROSIO;25;10;84,585;1165,88;2;84,585;4;4
H. KOVALAINEN;20;1;95,376;330,376;1;95,268;4;1
H. KOVALAINEN;20;2;78,162;408,538;1;78,09;4;2
H. KOVALAINEN;20;3;90,564;499,102;1;90,528;4;3
H. KOVALAINEN;20;4;77,993;577,095;1;77,993;4;4
H. KOVALAINEN;20;6;95,968;1010,768;2;95,86;4;1
H. KOVALAINEN;20;7;85,709;1096,477;2;85,637;4;2
H. KOVALAINEN;20;8;77,343;1173,82;2;77,307;4;3
H. KOVALAINEN;20;9;77,772;1251,592;2;77,772;4;4
J. TRULLI;21;1;91,053;383,053;1;90,981;3;1
J. TRULLI;21;2;78,061;461,114;1;78,025;3;2
J. TRULLI;21;3;77,563;538,677;1;77,563;3;3
J. TRULLI;21;5;88,667;996,654;2;88,559;4;1
J. TRULLI;21;6;80,175;1076,829;2;80,103;4;2
J. TRULLI;21;7;81,469;1158,298;2;81,433;4;3
J. TRULLI;21;8;77,381;1235,679;2;77,381;4;4
S. VETTEL;1;1;92,007;367,007;1;91,791;7;1
S. VETTEL;1;2;76,317;443,324;1;76,137;7;2
S. VETTEL;1;3;75,606;518,93;1;75,462;7;3
S. VETTEL;1;4;80,91;599,84;1;80,802;7;4
S. VETTEL;1;5;80,321;680,161;1;80,249;7;5
S. VETTEL;1;6;77,827;757,988;1;77,791;7;6
S. VETTEL;1;7;77,396;835,384;1;77,396;7;7
S. VETTEL;1;9;87,539;1845,562;2;87,431;4;1
S. VETTEL;1;10;74,314;1919,876;2;74,242;4;2
S. VETTEL;1;11;81,026;2000,902;2;80,99;4;3
S. VETTEL;1;12;74,277;2075,179;2;74,277;4;4
S. VETTEL;1;14;84,042;3211,066;3;84,006;2;1
S. VETTEL;1;15;73,556;3284,622;3;73,556;2;2
S. VETTEL;1;17;106,049;5823,762;4;106,049;1;1
L. HAMILTON;3;1;98,208;269,208;1;98,028;6;1
L. HAMILTON;3;2;76,321;345,529;1;76,177;6;2
L. HAMILTON;3;3;86,674;432,203;1;86,566;6;3
L. HAMILTON;3;4;75,93;508,133;1;75,858;6;4
L. HAMILTON;3;5;81,237;589,37;1;81,201;6;5
L. HAMILTON;3;6;75,207;664,577;1;75,207;6;6
L. HAMILTON;3;8;94,57;1778,159;2;94,534;2;1
L. HAMILTON;3;9;74,275;1852,434;2;74,275;2;2
L. HAMILTON;3;11;90,499;3373,778;3;90,499;1;1
L. HAMILTON;3;13;87,004;5784,461;4;86,968;2;1
L. HAMILTON;3;14;75,28;5859,741;4;75,28;2;2
M. WEBBER;2;1;98,85;279,85;1;98,67;6;1
M. WEBBER;2;2;77,992;357,842;1;77,848;6;2
M. WEBBER;2;3;76,985;434,827;1;76,877;6;3
M. WEBBER;2;4;82,708;517,535;1;82,636;6;4
M. WEBBER;2;5;78,76;596,295;1;78,724;6;5
M. WEBBER;2;6;76,826;673,121;1;76,826;6;6
M. WEBBER;2;8;85,104;884,425;2;84,996;4;1
M. WEBBER;2;9;76,233;960,658;2;76,161;4;2
M. WEBBER;2;10;83,582;1044,24;2;83,546;4;3
M. WEBBER;2;11;76,087;1120,327;2;76,087;4;4
M. WEBBER;2;13;89,311;1750,166;3;89,167;5;1
M. WEBBER;2;14;74,996;1825,162;3;74,888;5;2
M. WEBBER;2;15;74,742;1899,904;3;74,67;5;3
M. WEBBER;2;16;84,989;1984,893;3;84,953;5;4
M. WEBBER;2;17;75,139;2060,032;3;75,139;5;5
M. WEBBER;2;19;88,551;3151,401;4;88,515;2;1
M. WEBBER;2;20;74,019;3225,42;4;74,019;2;2
M. WEBBER;2;23;99,389;5811,203;6;99,389;1;1
F. ALONSO;5;1;87,932;355,932;1;87,716;7;1
F. ALONSO;5;2;77,182;433,114;1;77,002;7;2
F. ALONSO;5;3;82,292;515,406;1;82,148;7;3
F. ALONSO;5;4;76,225;591,631;1;76,117;7;4
F. ALONSO;5;5;85,58;677,211;1;85,508;7;5
F. ALONSO;5;6;76,104;753,315;1;76,068;7;6
F. ALONSO;5;7;76,051;829,366;1;76,051;7;7
F. ALONSO;5;9;84,7;1838,174;2;84,556;5;1
F. ALONSO;5;10;74,569;1912,743;2;74,461;5;2
F. ALONSO;5;11;81,911;1994,654;2;81,839;5;3
F. ALONSO;5;12;78,586;2073,24;2;78,55;5;4
F. ALONSO;5;13;74,735;2147,975;2;74,735;5;5
F. ALONSO;5;15;85,306;3098,045;3;85,162;5;1
F. ALONSO;5;16;78,681;3176,726;3;78,573;5;2
F. ALONSO;5;17;74,483;3251,209;3;74,411;5;3
F. ALONSO;5;18;103,926;3355,135;3;103,89;5;4
F. ALONSO;5;19;88,898;3444,033;3;88,898;5;5
F. ALONSO;5;21;91,651;5802,396;4;91,651;1;1
J. BUTTON;4;1;99,453;225,453;1;99,309;5;1
J. BUTTON;4;2;77,059;302,512;1;76,951;5;2
J. BUTTON;4;3;75,969;378,481;1;75,897;5;3
J. BUTTON;4;4;89,542;468,023;1;89,506;5;4
J. BUTTON;4;5;75,397;543,42;1;75,397;5;5
J. BUTTON;4;7;94,161;1781,949;2;94,053;4;1
J. BUTTON;4;8;74,587;1856,536;2;74,515;4;2
J. BUTTON;4;9;74,545;1931,081;2;74,509;4;3
J. BUTTON;4;10;74,692;2005,773;2;74,692;4;4
J. BUTTON;4;12;92,481;3127,463;3;92,373;4;1
J. BUTTON;4;13;73,997;3201,46;3;73,925;4;2
J. BUTTON;4;14;110,054;3311,514;3;110,018;4;3
J. BUTTON;4;15;90,015;3401,529;3;90,015;4;4
J. BUTTON;4;17;90,005;5790,524;4;90,005;1;1
M. SCHUMACHER;7;1;90,441;121,441;1;90,297;5;1
M. SCHUMACHER;7;2;78,176;199,617;1;78,068;5;2
M. SCHUMACHER;7;3;85,035;284,652;1;84,963;5;3
M. SCHUMACHER;7;4;77,054;361,706;1;77,018;5;4
M. SCHUMACHER;7;5;76,91;438,616;1;76,91;5;5
M. SCHUMACHER;7;7;87,76;875,49;2;87,652;4;1
M. SCHUMACHER;7;8;81,379;956,869;2;81,307;4;2
M. SCHUMACHER;7;9;76,092;1032,961;2;76,056;4;3
M. SCHUMACHER;7;10;85,16;1118,121;2;85,16;4;4
M. SCHUMACHER;7;12;93,812;1716,416;3;93,704;4;1
M. SCHUMACHER;7;13;75,85;1792,266;3;75,778;4;2
M. SCHUMACHER;7;14;85,149;1877,415;3;85,113;4;3
M. SCHUMACHER;7;15;75,524;1952,939;3;75,524;4;4
M. SCHUMACHER;7;17;86,03;2281,028;4;85,922;4;1
M. SCHUMACHER;7;18;75,499;2356,527;4;75,427;4;2
M. SCHUMACHER;7;19;84,304;2440,831;4;84,268;4;3
M. SCHUMACHER;7;20;74,981;2515,812;4;74,981;4;4
M. SCHUMACHER;7;22;85,239;3085,794;5;85,203;2;1
M. SCHUMACHER;7;23;75,02;3160,814;5;75,02;2;2
M. SCHUMACHER;7;25;85,847;3361,921;6;85,811;2;1
M. SCHUMACHER;7;26;74,682;3436,603;6;74,682;2;2
M. SCHUMACHER;7;28;97,669;5819,998;7;97,669;1;1
F. MASSA;6;1;88,418;373,418;1;88,274;5;1
F. MASSA;6;2;76,963;450,381;1;76,855;5;2
F. MASSA;6;3;80,951;531,332;1;80,879;5;3
F. MASSA;6;4;76,312;607,644;1;76,276;5;4
F. MASSA;6;5;83,862;691,506;1;83,862;5;5
F. MASSA;6;7;92,397;1123,455;2;92,361;2;1
F. MASSA;6;8;76,309;1199,764;2;76,309;2;2
F. MASSA;6;10;89,533;1724,109;3;89,425;4;1
F. MASSA;6;11;76,061;1800,17;3;75,989;4;2
F. MASSA;6;12;81,705;1881,875;3;81,669;4;3
F. MASSA;6;13;75,786;1957,661;3;75,786;4;4
F. MASSA;6;15;83,077;2236,129;4;83,005;3;1
F. MASSA;6;16;74,648;2310,777;4;74,612;3;2
F. MASSA;6;17;84,961;2395,738;4;84,961;3;3
F. MASSA;6;19;88,064;3115,93;5;87,956;4;1
F. MASSA;6;20;74,889;3190,819;5;74,817;4;2
F. MASSA;6;21;74,877;3265,696;5;74,841;4;3
F. MASSA;6;22;103,609;3369,305;5;103,609;4;4
F. MASSA;6;24;97,622;5827,922;6;97,622;1;1
N. HEIDFELD;9;1;89,74;161,74;1;89,632;4;1
N. HEIDFELD;9;2;78,452;240,192;1;78,38;4;2
N. HEIDFELD;9;3;84,401;324,593;1;84,365;4;3
N. HEIDFELD;9;4;77,132;401,725;1;77,132;4;4
N. HEIDFELD;9;6;85,809;827,326;2;85,629;6;1
N. HEIDFELD;9;7;76,704;904,03;2;76,56;6;2
N. HEIDFELD;9;8;83,889;987,919;2;83,781;6;3
N. HEIDFELD;9;9;78,642;1066,561;2;78,57;6;4
N. HEIDFELD;9;10;76,681;1143,242;2;76,645;6;5
N. HEIDFELD;9;11;76,837;1220,079;2;76,837;6;6
N. HEIDFELD;9;13;90,502;1754,545;3;90,43;3;1
N. HEIDFELD;9;14;78,446;1832,991;3;78,41;3;2
N. HEIDFELD;9;15;76,517;1909,508;3;76,517;3;3
N. HEIDFELD;9;17;84,114;2249,224;4;83,97;5;1
N. HEIDFELD;9;18;76,214;2325,438;4;76,106;5;2
N. HEIDFELD;9;19;82,052;2407,49;4;81,98;5;3
N. HEIDFELD;9;20;79,883;2487,373;4;79,847;5;4
N. HEIDFELD;9;21;76,281;2563,654;4;76,281;5;5
N. ROSBERG;8;1;95,438;605,438;1;95,222;7;1
N. ROSBERG;8;2;76,265;681,703;1;76,085;7;2
N. ROSBERG;8;3;82,404;764,107;1;82,26;7;3
N. ROSBERG;8;4;75,858;839,965;1;75,75;7;4
N. ROSBERG;8;5;90,397;930,362;1;90,325;7;5
N. ROSBERG;8;6;76,51;1006,872;1;76,474;7;6
N. ROSBERG;8;7;85,418;1092,29;1;85,418;7;7
N. ROSBERG;8;9;94,291;1720,088;2;94,183;4;1
N. ROSBERG;8;10;83,012;1803,1;2;82,94;4;2
N. ROSBERG;8;11;82,956;1886,056;2;82,92;4;3
N. ROSBERG;8;12;75,283;1961,339;2;75,283;4;4
N. ROSBERG;8;14;90,001;2294,302;3;89,893;4;1
N. ROSBERG;8;15;83,025;2377,327;3;82,953;4;2
N. ROSBERG;8;16;81,187;2458,514;3;81,151;4;3
N. ROSBERG;8;17;74,741;2533,255;3;74,741;4;4
N. ROSBERG;8;19;84,167;3108,464;4;84,059;4;1
N. ROSBERG;8;20;77,104;3185,568;4;77,032;4;2
N. ROSBERG;8;21;102,553;3288,121;4;102,517;4;3
N. ROSBERG;8;22;94,56;3382,681;4;94,56;4;4
N. ROSBERG;8;24;91,856;5797,718;5;91,82;2;1
N. ROSBERG;8;25;75,766;5873,484;5;75,766;2;2
P. MALDONADO;12;1;105,168;235,168;1;105,024;5;1
P. MALDONADO;12;2;84,26;319,428;1;84,152;5;2
P. MALDONADO;12;3;77,31;396,738;1;77,238;5;3
P. MALDONADO;12;4;94,841;491,579;1;94,805;5;4
P. MALDONADO;12;5;76,937;568,516;1;76,937;5;5
P. MALDONADO;12;7;91,809;896,722;2;91,701;4;1
P. MALDONADO;12;8;76,338;973,06;2;76,266;4;2
P. MALDONADO;12;9;87,075;1060,135;2;87,039;4;3
P. MALDONADO;12;10;75,819;1135,954;2;75,819;4;4
P. MALDONADO;12;12;94,35;1772,354;3;94,314;2;1
P. MALDONADO;12;13;76,114;1848,468;3;76,114;2;2
P. MALDONADO;12;15;88,467;2287,197;4;88,395;3;1
P. MALDONADO;12;16;75,545;2362,742;4;75,509;3;2
P. MALDONADO;12;17;90,953;2453,695;4;90,953;3;3
P. MALDONADO;12;19;97,081;3384,632;5;97,081;1;1
P. MALDONADO;12;21;101,66;5816,178;6;101,624;2;1
P. MALDONADO;12;22;76,528;5892,706;6;76,528;2;2
A. SUTIL;14;1;89,601;150,601;1;89,493;4;1
A. SUTIL;14;2;78,535;229,136;1;78,463;4;2
A. SUTIL;14;3;84,516;313,652;1;84,48;4;3
A. SUTIL;14;4;77,94;391,592;1;77,94;4;4
A. SUTIL;14;6;87,139;811,616;2;87,031;4;1
A. SUTIL;14;7;76,6;888,216;2;76,528;4;2
A. SUTIL;14;8;82,698;970,914;2;82,662;4;3
A. SUTIL;14;9;76,641;1047,555;2;76,641;4;4
A. SUTIL;14;11;91,427;1712,525;3;91,319;4;1
A. SUTIL;14;12;76,465;1788,99;3;76,393;4;2
A. SUTIL;14;13;84,609;1873,599;3;84,573;4;3
A. SUTIL;14;14;76,54;1950,139;3;76,54;4;4
A. SUTIL;14;16;89,857;2263,66;4;89,785;3;1
A. SUTIL;14;17;80,126;2343,786;4;80,09;3;2
A. SUTIL;14;18;76,121;2419,907;4;76,121;3;3
S. PEREZ;17;1;92,917;213,917;1;92,773;5;1
S. PEREZ;17;2;78,73;292,647;1;78,622;5;2
S. PEREZ;17;3;78,34;370,987;1;78,268;5;3
S. PEREZ;17;4;77,683;448,67;1;77,647;5;4
S. PEREZ;17;5;85,959;534,629;1;85,959;5;5
S. PEREZ;17;7;88,316;871,114;2;88,208;4;1
S. PEREZ;17;8;76,115;947,229;2;76,043;4;2
S. PEREZ;17;9;84,167;1031,396;2;84,131;4;3
S. PEREZ;17;10;75,918;1107,314;2;75,918;4;4
S. PEREZ;17;12;97,34;1765,495;3;97,268;3;1
S. PEREZ;17;13;76,273;1841,768;3;76,237;3;2
S. PEREZ;17;14;76,141;1917,909;3;76,141;3;3
S. PEREZ;17;16;87,946;2257,17;4;87,802;5;1
S. PEREZ;17;17;75,482;2332,652;4;75,374;5;2
S. PEREZ;17;18;81,485;2414,137;4;81,413;5;3
S. PEREZ;17;19;79,542;2493,679;4;79,506;5;4
S. PEREZ;17;20;75,74;2569,419;4;75,74;5;5
S. PEREZ;17;22;87,802;3389,727;5;87,802;1;1
J. ALGUERSUARI;19;1;90,474;167,474;1;90,33;5;1
J. ALGUERSUARI;19;2;79,586;247,06;1;79,478;5;2
J. ALGUERSUARI;19;3;78,834;325,894;1;78,762;5;3
J. ALGUERSUARI;19;4;78,213;404,107;1;78,177;5;4
J. ALGUERSUARI;19;5;78,347;482,454;1;78,347;5;5
J. ALGUERSUARI;19;7;87,721;854,512;2;87,685;2;1
J. ALGUERSUARI;19;8;77,82;932,332;2;77,82;2;2
S. BUEMI;18;1;87,704;139,704;1;87,596;4;1
S. BUEMI;18;2;78,585;218,289;1;78,513;4;2
S. BUEMI;18;3;78,243;296,532;1;78,207;4;3
S. BUEMI;18;4;78,361;374,893;1;78,361;4;4
S. BUEMI;18;6;85,36;741,413;2;85,252;4;1
S. BUEMI;18;7;76,358;817,771;2;76,286;4;2
S. BUEMI;18;8;85,351;903,122;2;85,315;4;3
S. BUEMI;18;9;77,534;980,656;2;77,534;4;4
S. BUEMI;18;11;87,227;1706,687;3;87,191;2;1
S. BUEMI;18;12;76,735;1783,422;3;76,735;2;2
S. BUEMI;18;14;88,394;2191,787;4;88,322;3;1
S. BUEMI;18;15;76,3;2268,087;4;76,264;3;2
S. BUEMI;18;16;80,06;2348,147;4;80,06;3;3
P. DI RESTA;;;76,188;;;;;
V. PETROV;;;75,815;;;;;
