﻿Name;DriverNum;Lap;Time;Elapsed;Stint;Fuel Corrected Laptime;Stint Length;Lap in stint
T. GLOCK;24;1;94,046;214,046;1;93,952;2;1
T. GLOCK;24;2;124,87;338,916;1;124,87;2;2
J. D'AMBROSIO;25;1;96,617;113,617;1;95,483;13;1
J. D'AMBROSIO;25;2;95,271;208,888;1;94,231;13;2
J. D'AMBROSIO;25;3;94,487;303,375;1;93,542;13;3
J. D'AMBROSIO;25;4;97,879;401,254;1;97,029;13;4
J. D'AMBROSIO;25;5;93,894;495,148;1;93,138;13;5
J. D'AMBROSIO;25;6;100,231;595,379;1;99,569;13;6
J. D'AMBROSIO;25;7;119,738;715,117;1;119,171;13;7
J. D'AMBROSIO;25;8;91,906;807,023;1;91,434;13;8
J. D'AMBROSIO;25;9;91,878;898,901;1;91,5;13;9
J. D'AMBROSIO;25;10;100,755;999,656;1;100,471;13;10
J. D'AMBROSIO;25;11;95,353;1095,009;1;95,164;13;11
J. D'AMBROSIO;25;12;90,866;1185,875;1;90,772;13;12
J. D'AMBROSIO;25;13;109,723;1295,598;1;109,723;13;13
H. KOVALAINEN;20;1;92,814;92,814;1;92,436;5;1
H. KOVALAINEN;20;2;93,729;186,543;1;93,445;5;2
H. KOVALAINEN;20;3;91,564;278,107;1;91,375;5;3
H. KOVALAINEN;20;4;90,804;368,911;1;90,71;5;4
H. KOVALAINEN;20;5;94,637;463,548;1;94,637;5;5
H. KOVALAINEN;20;7;90,27;801,394;2;89,797;6;1
H. KOVALAINEN;20;8;89,735;891,129;2;89,357;6;2
H. KOVALAINEN;20;9;98,626;989,755;2;98,343;6;3
H. KOVALAINEN;20;10;88,565;1078,32;2;88,376;6;4
H. KOVALAINEN;20;11;89,281;1167,601;2;89,187;6;5
H. KOVALAINEN;20;12;103,946;1271,547;2;103,946;6;6
J. TRULLI;21;1;93,026;98,026;1;92,648;5;1
J. TRULLI;21;2;92,351;190,377;1;92,067;5;2
J. TRULLI;21;3;91,52;281,897;1;91,331;5;3
J. TRULLI;21;4;91,339;373,236;1;91,245;5;4
J. TRULLI;21;5;97,875;471,111;1;97,875;5;5
J. TRULLI;21;7;94,483;815,368;2;94,011;6;1
J. TRULLI;21;8;93,196;908,564;2;92,818;6;2
J. TRULLI;21;9;89,713;998,277;2;89,429;6;3
J. TRULLI;21;10;89,073;1087,35;2;88,884;6;4
J. TRULLI;21;11;88,752;1176,102;2;88,657;6;5
J. TRULLI;21;12;117,589;1293,691;2;117,589;6;6
N. KARTHIKEYAN;22;1;92,345;219,345;1;91,967;5;1
N. KARTHIKEYAN;22;2;90,832;310,177;1;90,548;5;2
N. KARTHIKEYAN;22;3;101,69;411,867;1;101,501;5;3
N. KARTHIKEYAN;22;4;90,66;502,527;1;90,566;5;4
N. KARTHIKEYAN;22;5;98,281;600,808;1;98,281;5;5
N. KARTHIKEYAN;22;7;91,977;982,766;2;91,694;4;1
N. KARTHIKEYAN;22;8;90,238;1073,004;2;90,049;4;2
N. KARTHIKEYAN;22;9;94,554;1167,558;2;94,46;4;3
N. KARTHIKEYAN;22;10;116,008;1283,566;2;116,008;4;4
D. RICCIARDO;23;1;91,888;199,888;1;91,51;5;1
D. RICCIARDO;23;2;90,803;290,691;1;90,519;5;2
D. RICCIARDO;23;3;90,541;381,232;1;90,352;5;3
D. RICCIARDO;23;4;90,891;472,123;1;90,797;5;4
D. RICCIARDO;23;5;97,471;569,594;1;97,471;5;5
D. RICCIARDO;23;7;90,341;963,373;2;90,057;4;1
D. RICCIARDO;23;8;90,216;1053,589;2;90,027;4;2
D. RICCIARDO;23;9;90,417;1144,006;2;90,323;4;3
D. RICCIARDO;23;10;124,297;1268,303;2;124,297;4;4
S. VETTEL;1;1;88,493;268,493;1;88,02;6;1
S. VETTEL;1;2;94,244;362,737;1;93,866;6;2
S. VETTEL;1;3;86,948;449,685;1;86,664;6;3
S. VETTEL;1;4;97,678;547,363;1;97,489;6;4
S. VETTEL;1;5;86,218;633,581;1;86,124;6;5
S. VETTEL;1;6;99,667;733,248;1;99,667;6;6
S. VETTEL;1;8;84,657;1784,642;2;84,562;2;1
S. VETTEL;1;9;97,164;1881,806;2;97,164;2;2
S. VETTEL;1;11;84,437;3162,001;3;84,343;2;1
S. VETTEL;1;12;108,856;3270,857;3;108,856;2;2
S. VETTEL;1;14;84,178;3534,104;4;84,084;2;1
S. VETTEL;1;15;120,779;3654,883;4;120,779;2;2
L. HAMILTON;3;1;88,594;259,594;1;88,121;6;1
L. HAMILTON;3;2;96,486;356,08;1;96,108;6;2
L. HAMILTON;3;3;87,007;443,087;1;86,724;6;3
L. HAMILTON;3;4;95,075;538,162;1;94,886;6;4
L. HAMILTON;3;5;86,563;624,725;1;86,469;6;5
L. HAMILTON;3;6;95,202;719,927;1;95,202;6;6
L. HAMILTON;3;8;85,604;1831,347;2;85,32;4;1
L. HAMILTON;3;9;95,224;1926,571;2;95,035;4;2
L. HAMILTON;3;10;85,019;2011,59;2;84,925;4;3
L. HAMILTON;3;11;102,712;2114,302;2;102,712;4;4
L. HAMILTON;3;13;86,43;3082,865;3;86,241;3;1
L. HAMILTON;3;14;84,474;3167,339;3;84,38;3;2
L. HAMILTON;3;15;92,338;3259,677;3;92,338;3;3
L. HAMILTON;3;17;92,275;3524,52;4;92,275;1;1
M. WEBBER;2;1;88,161;341,161;1;87,594;7;1
M. WEBBER;2;2;87,41;428,571;1;86,938;7;2
M. WEBBER;2;3;87,47;516,041;1;87,092;7;3
M. WEBBER;2;4;98,871;614,912;1;98,587;7;4
M. WEBBER;2;5;94,565;709,477;1;94,376;7;5
M. WEBBER;2;6;86,473;795,95;1;86,379;7;6
M. WEBBER;2;7;94,614;890,564;1;94,614;7;7
M. WEBBER;2;9;85,282;1825,315;2;85,188;2;1
M. WEBBER;2;10;106,411;1931,726;2;106,411;2;2
M. WEBBER;2;12;91,166;3115,024;3;90,977;3;1
M. WEBBER;2;13;84,508;3199,532;3;84,413;3;2
M. WEBBER;2;14;102,207;3301,739;3;102,207;3;3
M. WEBBER;2;16;104,886;3591,787;4;104,886;1;1
F. ALONSO;5;1;87,836;227,836;1;87,364;6;1
F. ALONSO;5;2;87,478;315,314;1;87,1;6;2
F. ALONSO;5;3;95,45;410,764;1;95,166;6;3
F. ALONSO;5;4;90,683;501,447;1;90,494;6;4
F. ALONSO;5;5;86,774;588,221;1;86,68;6;5
F. ALONSO;5;6;95,434;683,655;1;95,434;6;6
F. ALONSO;5;8;85,658;1841,465;2;85,374;4;1
F. ALONSO;5;9;98,789;1940,254;2;98,6;4;2
F. ALONSO;5;10;85,158;2025,412;2;85,064;4;3
F. ALONSO;5;11;103,488;2128,9;2;103,488;4;4
F. ALONSO;5;13;84,586;3090,951;3;84,492;2;1
F. ALONSO;5;14;95,997;3186,948;3;95,997;2;2
F. ALONSO;5;16;90,08;3459,28;4;89,891;3;1
F. ALONSO;5;17;84,519;3543,799;4;84,425;3;2
F. ALONSO;5;18;122,208;3666,007;4;122,208;3;3
J. BUTTON;4;1;89,762;326,762;1;89,29;6;1
J. BUTTON;4;2;87,978;414,74;1;87,6;6;2
J. BUTTON;4;3;96,853;511,593;1;96,569;6;3
J. BUTTON;4;4;91,134;602,727;1;90,945;6;4
J. BUTTON;4;5;87,761;690,488;1;87,666;6;5
J. BUTTON;4;6;97,364;787,852;1;97,364;6;6
J. BUTTON;4;8;93,469;1093,487;2;93,28;3;1
J. BUTTON;4;9;86,225;1179,712;2;86,13;3;2
J. BUTTON;4;10;111,793;1291,505;2;111,793;3;3
J. BUTTON;4;12;94,018;1828,846;3;93,829;3;1
J. BUTTON;4;13;85,299;1914,145;3;85,205;3;2
J. BUTTON;4;14;94,49;2008,635;3;94,49;3;3
J. BUTTON;4;16;90,175;3380,512;4;89,891;4;1
J. BUTTON;4;17;103,183;3483,695;4;102,994;4;2
J. BUTTON;4;18;84,95;3568,645;4;84,856;4;3
J. BUTTON;4;19;123,357;3692,002;4;123,357;4;4
M. SCHUMACHER;7;1;90,943;257,943;1;90,565;5;1
M. SCHUMACHER;7;2;93,288;351,231;1;93,004;5;2
M. SCHUMACHER;7;3;88,459;439,69;1;88,27;5;3
M. SCHUMACHER;7;4;89,29;528,98;1;89,196;5;4
M. SCHUMACHER;7;5;99,767;628,747;1;99,767;5;5
M. SCHUMACHER;7;7;94,82;1077,811;2;94,631;3;1
M. SCHUMACHER;7;8;86,79;1164,601;2;86,696;3;2
M. SCHUMACHER;7;9;104,581;1269,182;2;104,581;3;3
M. SCHUMACHER;7;11;86,383;1818,305;3;86,288;2;1
M. SCHUMACHER;7;12;101,095;1919,4;3;101,095;2;2
M. SCHUMACHER;7;14;89,043;2402,11;4;88,854;3;1
M. SCHUMACHER;7;15;86,337;2488,447;4;86,243;3;2
M. SCHUMACHER;7;16;109,409;2597,856;4;109,409;3;3
F. MASSA;6;1;88,281;248,281;1;87,809;6;1
F. MASSA;6;2;96,168;344,449;1;95,79;6;2
F. MASSA;6;3;87,753;432,202;1;87,469;6;3
F. MASSA;6;4;87,012;519,214;1;86,823;6;4
F. MASSA;6;5;90,191;609,405;1;90,097;6;5
F. MASSA;6;6;91,5;700,905;1;91,5;6;6
F. MASSA;6;9;86,184;1836,705;3;85,995;3;1
F. MASSA;6;10;85,522;1922,227;3;85,428;3;2
F. MASSA;6;11;93,791;2016,018;3;93,791;3;3
F. MASSA;6;13;85,122;3087,147;4;85,028;2;1
F. MASSA;6;14;93,815;3180,962;4;93,815;2;2
F. MASSA;6;16;88,422;3474,66;5;88,422;1;1
B. SENNA;9;1;89,952;140,952;1;89,763;3;1
B. SENNA;9;2;91,497;232,449;1;91,403;3;2
B. SENNA;9;3;98,4;330,849;1;98,4;3;3
B. SENNA;9;5;96,142;850,274;2;95,953;3;1
B. SENNA;9;6;86,766;937,04;2;86,672;3;2
B. SENNA;9;7;92,333;1029,373;2;92,333;3;3
B. SENNA;9;9;88,141;1708,338;3;88,047;2;1
B. SENNA;9;10;96,391;1804,729;3;96,391;2;2
B. SENNA;9;12;87,469;2236,4;4;87,185;4;1
B. SENNA;9;13;93,049;2329,449;4;92,86;4;2
B. SENNA;9;14;86,651;2416,1;4;86,556;4;3
B. SENNA;9;15;98,661;2514,761;4;98,661;4;4
N. ROSBERG;8;1;92,698;275,698;1;92,225;6;1
N. ROSBERG;8;2;92,49;368,188;1;92,112;6;2
N. ROSBERG;8;3;87,578;455,766;1;87,294;6;3
N. ROSBERG;8;4;97,045;552,811;1;96,856;6;4
N. ROSBERG;8;5;87,061;639,872;1;86,967;6;5
N. ROSBERG;8;6;99,553;739,425;1;99,553;6;6
N. ROSBERG;8;8;86,364;1083,079;2;86,27;2;1
N. ROSBERG;8;9;108,402;1191,481;2;108,402;2;2
N. ROSBERG;8;11;86,078;1863,324;3;85,889;3;1
N. ROSBERG;8;12;85,555;1948,879;3;85,461;3;2
N. ROSBERG;8;13;101,309;2050,188;3;101,309;3;3
N. ROSBERG;8;15;86,027;3383,454;4;85,743;4;1
N. ROSBERG;8;16;96,942;3480,396;4;96,753;4;2
N. ROSBERG;8;17;85,451;3565,847;4;85,356;4;3
N. ROSBERG;8;18;122,039;3687,886;4;122,039;4;4
R. BARRICHELLO;11;1;100,865;255,865;1;100,581;4;1
R. BARRICHELLO;11;2;102,228;358,093;1;102,039;4;2
R. BARRICHELLO;11;3;90,024;448,117;1;89,93;4;3
R. BARRICHELLO;11;4;96,569;544,686;1;96,569;4;4
R. BARRICHELLO;11;6;92,887;885,246;2;92,603;4;1
R. BARRICHELLO;11;7;87,479;972,725;2;87,29;4;2
R. BARRICHELLO;11;8;96,013;1068,738;2;95,919;4;3
R. BARRICHELLO;11;9;95,838;1164,576;2;95,838;4;4
R. BARRICHELLO;11;11;87,247;1816,42;3;87,153;2;1
R. BARRICHELLO;11;12;98,295;1914,715;3;98,295;2;2
R. BARRICHELLO;11;14;89,302;2297,003;4;89,113;3;1
R. BARRICHELLO;11;15;95,94;2392,943;4;95,846;3;2
R. BARRICHELLO;11;16;94,25;2487,193;4;94,25;3;3
V. PETROV;10;1;90,347;105,347;1;89,969;5;1
V. PETROV;10;2;89,035;194,382;1;88,751;5;2
V. PETROV;10;3;94,863;289,245;1;94,674;5;3
V. PETROV;10;4;88,503;377,748;1;88,409;5;4
V. PETROV;10;5;94,696;472,444;1;94,696;5;5
V. PETROV;10;7;86,921;851,047;2;86,638;4;1
V. PETROV;10;8;101,004;952,051;2;100,815;4;2
V. PETROV;10;9;86,189;1038,24;2;86,094;4;3
V. PETROV;10;10;104,227;1142,467;2;104,227;4;4
V. PETROV;10;12;95,712;1710,648;3;95,523;3;1
V. PETROV;10;13;86,825;1797,473;3;86,731;3;2
V. PETROV;10;14;92,507;1889,98;3;92,507;3;3
V. PETROV;10;16;86,623;2286,186;4;86,34;4;1
V. PETROV;10;17;97,587;2383,773;4;97,398;4;2
V. PETROV;10;18;86,319;2470,092;4;86,225;4;3
V. PETROV;10;19;104,241;2574,333;4;104,241;4;4
P. MALDONADO;12;1;91,138;216,138;1;90,855;4;1
P. MALDONADO;12;2;106,317;322,455;1;106,128;4;2
P. MALDONADO;12;3;89,533;411,988;1;89,439;4;3
P. MALDONADO;12;4;103,638;515,626;1;103,638;4;4
P. MALDONADO;12;6;87,47;861,313;2;87,186;4;1
P. MALDONADO;12;7;100,291;961,604;2;100,102;4;2
P. MALDONADO;12;8;86,829;1048,433;2;86,734;4;3
P. MALDONADO;12;9;91,766;1140,199;2;91,766;4;4
P. MALDONADO;12;11;87,325;1789,862;3;87,231;2;1
P. MALDONADO;12;12;95,046;1884,908;3;95,046;2;2
P. MALDONADO;12;14;90,303;2271,163;4;90,019;4;1
P. MALDONADO;12;15;98,938;2370,101;4;98,749;4;2
P. MALDONADO;12;16;86,537;2456,638;4;86,443;4;3
P. MALDONADO;12;17;102,194;2558,832;4;102,194;4;4
P. DI RESTA;15;1;96,102;135,102;1;95,819;4;1
P. DI RESTA;15;2;89,178;224,28;1;88,989;4;2
P. DI RESTA;15;3;88,94;313,22;1;88,846;4;3
P. DI RESTA;15;4;99,074;412,294;1;99,074;4;4
P. DI RESTA;15;6;87,391;947,448;2;87,108;4;1
P. DI RESTA;15;7;99,12;1046,568;2;98,931;4;2
P. DI RESTA;15;8;86,864;1133,432;2;86,77;4;3
P. DI RESTA;15;9;108,905;1242,337;2;108,905;4;4
P. DI RESTA;15;11;86,934;2278,767;3;86,65;4;1
P. DI RESTA;15;12;99,075;2377,842;3;98,886;4;2
P. DI RESTA;15;13;86,503;2464,345;3;86,409;4;3
P. DI RESTA;15;14;105,724;2570,069;3;105,724;4;4
A. SUTIL;14;1;90,202;149,202;1;89,73;6;1
A. SUTIL;14;2;92,555;241,757;1;92,177;6;2
A. SUTIL;14;3;88,608;330,365;1;88,325;6;3
A. SUTIL;14;4;88,511;418,876;1;88,322;6;4
A. SUTIL;14;5;87,928;506,804;1;87,834;6;5
A. SUTIL;14;6;99,099;605,903;1;99,099;6;6
A. SUTIL;14;8;87,074;956,962;2;86,79;4;1
A. SUTIL;14;9;94,831;1051,793;2;94,642;4;2
A. SUTIL;14;10;86,271;1138,064;2;86,177;4;3
A. SUTIL;14;11;101,832;1239,896;2;101,832;4;4
A. SUTIL;14;13;87,114;2247,498;3;86,831;4;1
A. SUTIL;14;14;92,338;2339,836;3;92,149;4;2
A. SUTIL;14;15;86,14;2425,976;3;86,046;4;3
A. SUTIL;14;16;103,147;2529,123;3;103,147;4;4
A. SUTIL;14;18;98,313;3344,422;4;98,313;1;1
S. PEREZ;17;1;88,089;790,089;1;87,711;5;1
S. PEREZ;17;2;87,44;877,529;1;87,156;5;2
S. PEREZ;17;3;92,898;970,427;1;92,709;5;3
S. PEREZ;17;4;87,249;1057,676;1;87,154;5;4
S. PEREZ;17;5;98,666;1156,342;1;98,666;5;5
S. PEREZ;17;7;87,613;2274,383;2;87,424;3;1
S. PEREZ;17;8;87,562;2361,945;2;87,468;3;2
S. PEREZ;17;9;100,463;2462,408;2;100,463;3;3
K. KOBAYASHI;16;1;89,352;746,352;1;88,974;5;1
K. KOBAYASHI;16;2;87,876;834,228;1;87,593;5;2
K. KOBAYASHI;16;3;95,18;929,408;1;94,991;5;3
K. KOBAYASHI;16;4;92,701;1022,109;1;92,606;5;4
K. KOBAYASHI;16;5;95,14;1117,249;1;95,14;5;5
J. ALGUERSUARI;19;1;90,148;174,148;1;89,864;4;1
J. ALGUERSUARI;19;2;89,036;263,184;1;88,847;4;2
J. ALGUERSUARI;19;3;88,714;351,898;1;88,62;4;3
J. ALGUERSUARI;19;4;97,893;449,791;1;97,893;4;4
J. ALGUERSUARI;19;6;87,905;943,408;2;87,716;3;1
J. ALGUERSUARI;19;7;86,557;1029,965;2;86,463;3;2
J. ALGUERSUARI;19;8;92,498;1122,463;2;92,498;3;3
J. ALGUERSUARI;19;10;86,668;1712,492;3;86,574;2;1
J. ALGUERSUARI;19;11;99,778;1812,27;3;99,778;2;2
J. ALGUERSUARI;19;13;86,319;2257,169;4;86,035;4;1
J. ALGUERSUARI;19;14;91,454;2348,623;4;91,265;4;2
J. ALGUERSUARI;19;15;86,383;2435,006;4;86,288;4;3
J. ALGUERSUARI;19;16;115,396;2550,402;4;115,396;4;4
J. ALGUERSUARI;19;18;95,442;3398,486;5;95,442;1;1
S. BUEMI;18;1;96,139;165,139;1;95,761;5;1
S. BUEMI;18;2;88,834;253,973;1;88,55;5;2
S. BUEMI;18;3;94,847;348,82;1;94,658;5;3
S. BUEMI;18;4;88,068;436,888;1;87,974;5;4
S. BUEMI;18;5;98,857;535,745;1;98,857;5;5
S. BUEMI;18;7;86,608;916,972;2;86,419;3;1
S. BUEMI;18;8;86,655;1003,627;2;86,561;3;2
S. BUEMI;18;9;100,336;1103,963;2;100,336;3;3
S. BUEMI;18;11;86,408;1763,66;3;86,314;2;1
S. BUEMI;18;12;95,413;1859,073;3;95,413;2;2
S. BUEMI;18;14;91,477;2321,647;4;91,288;3;1
S. BUEMI;18;15;86,161;2407,808;4;86,067;3;2
S. BUEMI;18;16;101,181;2508,989;4;101,181;3;3
S. BUEMI;18;18;92,143;3319,601;5;92,143;1;1
