﻿Name;DriverNum;Lap;Time;Elapsed;Stint;Fuel Corrected Laptime;Stint Length;Lap in stint
T. GLOCK;24;1;88,466;109,466;1;88,354;3;1
T. GLOCK;24;2;87,591;197,057;1;87,535;3;2
T. GLOCK;24;3;101,804;298,861;1;101,804;3;3
T. GLOCK;24;5;89,027;818,448;2;88,859;4;1
T. GLOCK;24;6;87,718;906,166;2;87,606;4;2
T. GLOCK;24;7;87,874;994,04;2;87,818;4;3
T. GLOCK;24;8;107,592;1101,632;2;107,592;4;4
J. D'AMBROSIO;25;1;94,991;128,991;1;94,767;5;1
J. D'AMBROSIO;25;2;87,959;216,95;1;87,791;5;2
J. D'AMBROSIO;25;3;93,516;310,466;1;93,404;5;3
J. D'AMBROSIO;25;4;87,736;398,202;1;87,68;5;4
J. D'AMBROSIO;25;5;99,173;497,375;1;99,173;5;5
J. D'AMBROSIO;25;7;88,748;858,682;2;88,58;4;1
J. D'AMBROSIO;25;8;87,609;946,291;2;87,497;4;2
J. D'AMBROSIO;25;9;87,861;1034,152;2;87,805;4;3
J. D'AMBROSIO;25;10;101,319;1135,471;2;101,319;4;4
H. KOVALAINEN;20;1;91,286;123,286;1;91,062;5;1
H. KOVALAINEN;20;2;88,365;211,651;1;88,197;5;2
H. KOVALAINEN;20;3;97,842;309,493;1;97,73;5;3
H. KOVALAINEN;20;4;87,296;396,789;1;87,24;5;4
H. KOVALAINEN;20;5;102,047;498,836;1;102,047;5;5
H. KOVALAINEN;20;7;88,102;829,386;2;87,822;6;1
H. KOVALAINEN;20;8;87,388;916,774;2;87,164;6;2
H. KOVALAINEN;20;9;87,743;1004,517;2;87,575;6;3
H. KOVALAINEN;20;10;91,217;1095,734;2;91,105;6;4
H. KOVALAINEN;20;11;87,184;1182,918;2;87,128;6;5
H. KOVALAINEN;20;12;102,997;1285,915;2;102,997;6;6
J. TRULLI;21;1;93,967;93,967;1;93,743;5;1
J. TRULLI;21;2;87,996;181,963;1;87,828;5;2
J. TRULLI;21;3;87,372;269,335;1;87,26;5;3
J. TRULLI;21;4;87,029;356,364;1;86,973;5;4
J. TRULLI;21;5;99,669;456,033;1;99,669;5;5
J. TRULLI;21;7;89,559;902,375;2;89,335;5;1
J. TRULLI;21;8;87,029;989,404;2;86,861;5;2
J. TRULLI;21;9;86,647;1076,051;2;86,535;5;3
J. TRULLI;21;10;86,707;1162,758;2;86,651;5;4
J. TRULLI;21;11;118,977;1281,735;2;118,977;5;5
D. RICCIARDO;22;1;90,666;125,666;1;90,442;5;1
D. RICCIARDO;22;2;88,551;214,217;1;88,383;5;2
D. RICCIARDO;22;3;88,337;302,554;1;88,225;5;3
D. RICCIARDO;22;4;88,465;391,019;1;88,409;5;4
D. RICCIARDO;22;5;95,711;486,73;1;95,711;5;5
D. RICCIARDO;22;7;101,196;894,61;2;100,972;5;1
D. RICCIARDO;22;8;88,943;983,553;2;88,775;5;2
D. RICCIARDO;22;9;88,054;1071,607;2;87,942;5;3
D. RICCIARDO;22;10;92,02;1163,627;2;91,964;5;4
D. RICCIARDO;22;11;126,551;1290,178;2;126,551;5;5
V. LIUZZI;23;1;91,84;124,84;1;91,672;4;1
V. LIUZZI;23;2;88,691;213,531;1;88,579;4;2
V. LIUZZI;23;3;88,253;301,784;1;88,197;4;3
V. LIUZZI;23;4;101,094;402,878;1;101,094;4;4
V. LIUZZI;23;6;92,926;893,456;2;92,702;5;1
V. LIUZZI;23;7;88,231;981,687;2;88,063;5;2
V. LIUZZI;23;8;92,547;1074,234;2;92,435;5;3
V. LIUZZI;23;9;88,391;1162,625;2;88,335;5;4
V. LIUZZI;23;10;115,785;1278,41;2;115,785;5;5
S. VETTEL;1;1;85,027;290,027;1;84,915;3;1
S. VETTEL;1;2;84,002;374,029;1;83,946;3;2
S. VETTEL;1;3;91,88;465,909;1;91,88;3;3
S. VETTEL;1;5;83,105;1816,959;2;82,993;3;1
S. VETTEL;1;6;82,914;1899,873;2;82,858;3;2
S. VETTEL;1;7;101,982;2001,855;2;101,982;3;3
S. VETTEL;1;9;82,613;3134,234;3;82,501;3;1
S. VETTEL;1;10;84,743;3218,977;3;84,687;3;2
S. VETTEL;1;11;97,681;3316,658;3;97,681;3;3
S. VETTEL;1;13;82,275;3567,978;4;82,275;1;1
L. HAMILTON;3;1;84,476;359,476;1;84,308;4;1
L. HAMILTON;3;2;93,206;452,682;1;93,094;4;2
L. HAMILTON;3;3;83,976;536,658;1;83,92;4;3
L. HAMILTON;3;4;95,34;631,998;1;95,34;4;4
L. HAMILTON;3;6;83,74;1876,273;2;83,684;2;1
L. HAMILTON;3;7;93,084;1969,357;2;93,084;2;2
L. HAMILTON;3;9;83,172;2385,613;3;83,116;2;1
L. HAMILTON;3;10;105,508;2491,121;3;105,508;2;2
L. HAMILTON;3;12;82,725;3138,066;4;82,669;2;1
L. HAMILTON;3;13;92,422;3230,488;4;92,422;2;2
L. HAMILTON;3;15;99,581;3570,508;5;99,581;1;1
M. WEBBER;2;1;85,077;636,077;1;84,909;4;1
M. WEBBER;2;2;84,839;720,916;1;84,727;4;2
M. WEBBER;2;3;84,148;805,064;1;84,092;4;3
M. WEBBER;2;4;92,397;897,461;1;92,397;4;4
M. WEBBER;2;6;83,387;1913,235;2;83,275;3;1
M. WEBBER;2;7;91,468;2004,703;2;91,412;3;2
M. WEBBER;2;8;89,187;2093,89;2;89,187;3;3
M. WEBBER;2;10;83,126;3370,169;3;82,958;4;1
M. WEBBER;2;11;94,108;3464,277;3;93,996;4;2
M. WEBBER;2;12;82,972;3547,249;3;82,916;4;3
M. WEBBER;2;13;120,553;3667,802;3;120,553;4;4
F. ALONSO;5;1;85;311;1;84,72;6;1
F. ALONSO;5;2;92,791;403,791;1;92,567;6;2
F. ALONSO;5;3;84,461;488,252;1;84,293;6;3
F. ALONSO;5;4;93,755;582,007;1;93,643;6;4
F. ALONSO;5;5;84,134;666,141;1;84,078;6;5
F. ALONSO;5;6;97,618;763,759;1;97,618;6;6
F. ALONSO;5;8;83,561;1879,498;2;83,393;4;1
F. ALONSO;5;9;89,21;1968,708;2;89,098;4;2
F. ALONSO;5;10;83,342;2052,05;2;83,286;4;3
F. ALONSO;5;11;99,69;2151,74;2;99,69;4;4
F. ALONSO;5;13;82,999;3099,333;3;82,943;2;1
F. ALONSO;5;14;93,611;3192,944;3;93,611;2;2
F. ALONSO;5;16;82,841;3560,724;4;82,785;2;1
F. ALONSO;5;17;121,737;3682,461;4;121,737;2;2
J. BUTTON;4;1;84,872;223,872;1;84,592;6;1
J. BUTTON;4;2;93,344;317,216;1;93,12;6;2
J. BUTTON;4;3;84,19;401,406;1;84,022;6;3
J. BUTTON;4;4;98,659;500,065;1;98,547;6;4
J. BUTTON;4;5;84,013;584,078;1;83,957;6;5
J. BUTTON;4;6;102,073;686,151;1;102,073;6;6
J. BUTTON;4;8;83,427;1813,776;2;83,259;4;1
J. BUTTON;4;9;103,004;1916,78;2;102,892;4;2
J. BUTTON;4;10;83,031;1999,811;2;82,975;4;3
J. BUTTON;4;11;108,375;2108,186;2;108,375;4;4
J. BUTTON;4;13;82,777;3121,317;3;82,721;2;1
J. BUTTON;4;14;104,164;3225,481;3;104,164;2;2
J. BUTTON;4;16;94,395;3561,873;4;94,395;1;1
M. SCHUMACHER;7;1;86,376;437,376;1;86,208;4;1
M. SCHUMACHER;7;2;87,467;524,843;1;87,355;4;2
M. SCHUMACHER;7;3;85,108;609,951;1;85,052;4;3
M. SCHUMACHER;7;4;94,869;704,82;1;94,869;4;4
M. SCHUMACHER;7;6;84,042;1993,475;2;83,874;4;1
M. SCHUMACHER;7;7;92,737;2086,212;2;92,625;4;2
M. SCHUMACHER;7;8;83,671;2169,883;2;83,615;4;3
M. SCHUMACHER;7;9;100,071;2269,954;2;100,071;4;4
M. SCHUMACHER;7;11;83,777;3556,619;3;83,721;2;1
M. SCHUMACHER;7;12;116,758;3673,377;3;116,758;2;2
F. MASSA;6;1;85,142;362,142;1;84,862;6;1
F. MASSA;6;2;86,082;448,224;1;85,858;6;2
F. MASSA;6;3;90,027;538,251;1;89,859;6;3
F. MASSA;6;4;84,7;622,951;1;84,588;6;4
F. MASSA;6;5;84,523;707,474;1;84,467;6;5
F. MASSA;6;6;94,937;802,411;1;94,937;6;6
F. MASSA;6;8;83,827;1903,445;2;83,715;3;1
F. MASSA;6;9;83,681;1987,126;2;83,625;3;2
F. MASSA;6;10;89,649;2076,775;2;89,649;3;3
F. MASSA;6;12;83,252;3096,856;3;83,196;2;1
F. MASSA;6;13;92,791;3189,647;3;92,791;2;2
F. MASSA;6;15;83,188;3558,05;4;83,132;2;1
F. MASSA;6;16;119,266;3677,316;4;119,266;2;2
B. SENNA;9;1;88,151;157,151;1;87,927;5;1
B. SENNA;9;2;86,41;243,561;1;86,242;5;2
B. SENNA;9;3;95,477;339,038;1;95,365;5;3
B. SENNA;9;4;86,351;425,389;1;86,295;5;4
B. SENNA;9;5;94,537;519,926;1;94,537;5;5
B. SENNA;9;7;93,08;888,181;2;92,912;4;1
B. SENNA;9;8;85,6;973,781;2;85,488;4;2
B. SENNA;9;9;84,914;1058,695;2;84,858;4;3
B. SENNA;9;10;97,485;1156,18;2;97,485;4;4
B. SENNA;9;12;84,715;1755,325;3;84,547;4;1
B. SENNA;9;13;92,525;1847,85;3;92,413;4;2
B. SENNA;9;14;84,398;1932,248;3;84,342;4;3
B. SENNA;9;15;96,723;2028,971;3;96,723;4;4
B. SENNA;9;17;93,351;2404,853;4;93,239;3;1
B. SENNA;9;18;84,157;2489,01;4;84,101;3;2
B. SENNA;9;19;104,106;2593,116;4;104,106;3;3
N. ROSBERG;8;1;86,341;386,341;1;86,061;6;1
N. ROSBERG;8;2;85,224;471,565;1;85;6;2
N. ROSBERG;8;3;85,068;556,633;1;84,9;6;3
N. ROSBERG;8;4;86,066;642,699;1;85,954;6;4
N. ROSBERG;8;5;84,55;727,249;1;84,494;6;5
N. ROSBERG;8;6;98,679;825,928;1;98,679;6;6
N. ROSBERG;8;8;85,407;1875,801;2;85,295;3;1
N. ROSBERG;8;9;83,335;1959,136;2;83,279;3;2
N. ROSBERG;8;10;105,23;2064,366;2;105,23;3;3
N. ROSBERG;8;12;85,514;3275,973;3;85,29;5;1
N. ROSBERG;8;13;85,14;3361,113;3;84,972;5;2
N. ROSBERG;8;14;85,087;3446,2;3;84,975;5;3
N. ROSBERG;8;15;84,477;3530,677;3;84,421;5;4
N. ROSBERG;8;16;113,864;3644,541;3;113,864;5;5
R. BARRICHELLO;11;1;89,643;260,643;1;89,475;4;1
R. BARRICHELLO;11;2;88,166;348,809;1;88,054;4;2
R. BARRICHELLO;11;3;86,126;434,935;1;86,07;4;3
R. BARRICHELLO;11;4;99,468;534,403;1;99,468;4;4
R. BARRICHELLO;11;6;85,369;986,088;2;85,201;4;1
R. BARRICHELLO;11;7;96,114;1082,202;2;96,002;4;2
R. BARRICHELLO;11;8;84,975;1167,177;2;84,919;4;3
R. BARRICHELLO;11;9;101,872;1269,049;2;101,872;4;4
R. BARRICHELLO;11;11;88,024;1754,648;3;87,912;3;1
R. BARRICHELLO;11;12;86,054;1840,702;3;85,998;3;2
R. BARRICHELLO;11;13;92,845;1933,547;3;92,845;3;3
R. BARRICHELLO;11;15;84,861;2307,687;4;84,693;4;1
R. BARRICHELLO;11;16;91,517;2399,204;4;91,405;4;2
R. BARRICHELLO;11;17;84,648;2483,852;4;84,592;4;3
R. BARRICHELLO;11;18;104,392;2588,244;4;104,392;4;4
V. PETROV;10;1;92,97;146,97;1;92,69;6;1
V. PETROV;10;2;86,72;233,69;1;86,496;6;2
V. PETROV;10;3;89,792;323,482;1;89,624;6;3
V. PETROV;10;4;85,493;408,975;1;85,381;6;4
V. PETROV;10;5;85,467;494,442;1;85,411;6;5
V. PETROV;10;6;89,254;583,696;1;89,254;6;6
V. PETROV;10;8;84,486;931,333;2;84,43;2;1
V. PETROV;10;9;97,617;1028,95;2;97,617;2;2
V. PETROV;10;11;83,741;1940,317;3;83,685;2;1
V. PETROV;10;12;93,842;2034,159;3;93,842;2;2
V. PETROV;10;14;84,175;3177,592;4;84,119;2;1
V. PETROV;10;15;94,341;3271,933;4;94,341;2;2
V. PETROV;10;17;83,53;3564,53;5;83,53;1;1
P. MALDONADO;12;1;96,597;430,597;1;96,597;1;1
P. MALDONADO;12;3;85,423;942,609;2;85,255;4;1
P. MALDONADO;12;4;98,431;1041,04;2;98,319;4;2
P. MALDONADO;12;5;84,798;1125,838;2;84,742;4;3
P. MALDONADO;12;6;110,889;1236,727;2;110,889;4;4
P. MALDONADO;12;8;86,716;1721,582;3;86,604;3;1
P. MALDONADO;12;9;86,411;1807,993;3;86,355;3;2
P. MALDONADO;12;10;101,958;1909,951;3;101,958;3;3
P. MALDONADO;12;12;84,891;2267,085;4;84,723;4;1
P. MALDONADO;12;13;95,308;2362,393;4;95,196;4;2
P. MALDONADO;12;14;84,726;2447,119;4;84,67;4;3
P. MALDONADO;12;15;114,568;2561,687;4;114,568;4;4
P. DI RESTA;15;1;87,811;164,811;1;87,699;3;1
P. DI RESTA;15;2;85,303;250,114;1;85,247;3;2
P. DI RESTA;15;3;97,724;347,838;1;97,724;3;3
P. DI RESTA;15;5;84,938;777,277;2;84,714;5;1
P. DI RESTA;15;6;98,914;876,191;2;98,746;5;2
P. DI RESTA;15;7;84,574;960,765;2;84,462;5;3
P. DI RESTA;15;8;96,225;1056,99;2;96,169;5;4
P. DI RESTA;15;9;98,451;1155,441;2;98,451;5;5
P. DI RESTA;15;11;84,163;2239,266;3;83,995;4;1
P. DI RESTA;15;12;96,004;2335,27;3;95,892;4;2
P. DI RESTA;15;13;84,176;2419,446;3;84,12;4;3
P. DI RESTA;15;14;109,679;2529,125;3;109,679;4;4
A. SUTIL;14;1;88,003;152,003;1;87,779;5;1
A. SUTIL;14;2;85,955;237,958;1;85,787;5;2
A. SUTIL;14;3;90,303;328,261;1;90,191;5;3
A. SUTIL;14;4;85,435;413,696;1;85,379;5;4
A. SUTIL;14;5;95,833;509,529;1;95,833;5;5
A. SUTIL;14;7;88,501;873,878;2;88,277;5;1
A. SUTIL;14;8;85,086;958,964;2;84,918;5;2
A. SUTIL;14;9;94,186;1053,15;2;94,074;5;3
A. SUTIL;14;10;84,595;1137,745;2;84,539;5;4
A. SUTIL;14;11;101,087;1238,832;2;101,087;5;5
A. SUTIL;14;13;84,741;2118,186;3;84,517;5;1
A. SUTIL;14;14;84,85;2203,036;3;84,682;5;2
A. SUTIL;14;15;91,372;2294,408;3;91,26;5;3
A. SUTIL;14;16;84,209;2378,617;3;84,153;5;4
A. SUTIL;14;17;96,515;2475,132;3;96,515;5;5
S. PEREZ;17;1;86,633;179,633;1;86,409;5;1
S. PEREZ;17;2;86,302;265,935;1;86,134;5;2
S. PEREZ;17;3;91,678;357,613;1;91,566;5;3
S. PEREZ;17;4;86,535;444,148;1;86,479;5;4
S. PEREZ;17;5;104,046;548,194;1;104,046;5;5
S. PEREZ;17;7;85,113;878,985;2;84,945;4;1
S. PEREZ;17;8;93,372;972,357;2;93,26;4;2
S. PEREZ;17;9;85,442;1057,799;2;85,386;4;3
S. PEREZ;17;10;90,947;1148,746;2;90,947;4;4
S. PEREZ;17;12;85,164;2184,615;3;84,94;5;1
S. PEREZ;17;13;97,942;2282,557;3;97,774;5;2
S. PEREZ;17;14;84,845;2367,402;3;84,733;5;3
S. PEREZ;17;15;84,905;2452,307;3;84,849;5;4
S. PEREZ;17;16;117,316;2569,623;3;117,316;5;5
K. KOBAYASHI;16;1;88,943;283,943;1;88,831;3;1
K. KOBAYASHI;16;2;86,188;370,131;1;86,132;3;2
K. KOBAYASHI;16;3;101,118;471,249;1;101,118;3;3
K. KOBAYASHI;16;5;97,647;877,154;2;97,423;5;1
K. KOBAYASHI;16;6;87,426;964,58;2;87,258;5;2
K. KOBAYASHI;16;7;85,426;1050,006;2;85,314;5;3
K. KOBAYASHI;16;8;84,879;1134,885;2;84,823;5;4
K. KOBAYASHI;16;9;96,502;1231,387;2;96,502;5;5
K. KOBAYASHI;16;11;93,045;2219,407;3;92,821;5;1
K. KOBAYASHI;16;12;86,327;2305,734;3;86,159;5;2
K. KOBAYASHI;16;13;85,065;2390,799;3;84,953;5;3
K. KOBAYASHI;16;14;85,122;2475,921;3;85,066;5;4
K. KOBAYASHI;16;15;109,259;2585,18;3;109,259;5;5
J. ALGUERSUARI;19;1;86,61;167,61;1;86,442;4;1
J. ALGUERSUARI;19;2;85,983;253,593;1;85,871;4;2
J. ALGUERSUARI;19;3;86,066;339,659;1;86,01;4;3
J. ALGUERSUARI;19;4;95,548;435,207;1;95,548;4;4
J. ALGUERSUARI;19;6;85,798;834,663;2;85,574;5;1
J. ALGUERSUARI;19;7;85,541;920,204;2;85,373;5;2
J. ALGUERSUARI;19;8;85,395;1005,599;2;85,283;5;3
J. ALGUERSUARI;19;9;85,334;1090,933;2;85,278;5;4
J. ALGUERSUARI;19;10;97,996;1188,929;2;97,996;5;5
S. BUEMI;18;1;89,33;162,33;1;89,106;5;1
S. BUEMI;18;2;86,755;249,085;1;86,587;5;2
S. BUEMI;18;3;86,508;335,593;1;86,396;5;3
S. BUEMI;18;4;86,176;421,769;1;86,12;5;4
S. BUEMI;18;5;93,355;515,124;1;93,355;5;5
S. BUEMI;18;7;86,299;884,381;2;86,075;5;1
S. BUEMI;18;8;85,734;970,115;2;85,566;5;2
S. BUEMI;18;9;85,52;1055,635;2;85,408;5;3
S. BUEMI;18;10;85,164;1140,799;2;85,108;5;4
S. BUEMI;18;11;101,719;1242,518;2;101,719;5;5
S. BUEMI;18;13;84,932;1970,667;3;84,708;5;1
S. BUEMI;18;14;85,066;2055,733;3;84,898;5;2
S. BUEMI;18;15;89,375;2145,108;3;89,263;5;3
S. BUEMI;18;16;85,274;2230,382;3;85,218;5;4
S. BUEMI;18;17;99,639;2330,021;3;99,639;5;5
