﻿Name;DriverNum;Lap;Time;Elapsed;Stint;Fuel Corrected Laptime;Stint Length;Lap in stint
T. GLOCK;24;1;93,159;93,159;1;92,929;6;1
T. GLOCK;24;2;86,311;179,47;1;86,127;6;2
T. GLOCK;24;3;79,848;259,318;1;79,71;6;3
T. GLOCK;24;4;79,434;338,752;1;79,342;6;4
T. GLOCK;24;5;90,701;429,453;1;90,655;6;5
T. GLOCK;24;6;78,537;507,99;1;78,537;6;6
T. GLOCK;24;8;88,315;911,19;2;88,177;4;1
T. GLOCK;24;9;85,234;996,424;2;85,142;4;2
T. GLOCK;24;10;78,824;1075,248;2;78,778;4;3
T. GLOCK;24;11;78,65;1153,898;2;78,65;4;4
H. KOVALAINEN;20;1;86,554;238,554;1;86,416;4;1
H. KOVALAINEN;20;2;77,671;316,225;1;77,579;4;2
H. KOVALAINEN;20;3;85,974;402,199;1;85,928;4;3
H. KOVALAINEN;20;4;76,786;478,985;1;76,786;4;4
H. KOVALAINEN;20;6;83,377;955,355;2;83,239;4;1
H. KOVALAINEN;20;7;77,519;1032,874;2;77,427;4;2
H. KOVALAINEN;20;8;80,767;1113,641;2;80,721;4;3
H. KOVALAINEN;20;9;76,954;1190,595;2;76,954;4;4
J. TRULLI;21;1;90,731;138,731;1;90,547;5;1
J. TRULLI;21;2;80,551;219,282;1;80,413;5;2
J. TRULLI;21;3;80,271;299,553;1;80,179;5;3
J. TRULLI;21;4;77,487;377,04;1;77,441;5;4
J. TRULLI;21;5;77,205;454,245;1;77,205;5;5
J. TRULLI;21;7;85,186;919,477;2;85,002;5;1
J. TRULLI;21;8;82,291;1001,768;2;82,153;5;2
J. TRULLI;21;9;80,579;1082,347;2;80,487;5;3
J. TRULLI;21;10;78,72;1161,067;2;78,674;5;4
J. TRULLI;21;11;76,745;1237,812;2;76,745;5;5
N. KARTHIKEYAN;22;1;86,895;146,895;1;86,757;4;1
N. KARTHIKEYAN;22;2;80,187;227,082;1;80,095;4;2
N. KARTHIKEYAN;22;3;81,875;308,957;1;81,829;4;3
N. KARTHIKEYAN;22;4;79,081;388,038;1;79,081;4;4
N. KARTHIKEYAN;22;6;84,023;892,761;2;83,839;5;1
N. KARTHIKEYAN;22;7;81,125;973,886;2;80,987;5;2
N. KARTHIKEYAN;22;8;78,736;1052,622;2;78,644;5;3
N. KARTHIKEYAN;22;9;82,871;1135,493;2;82,825;5;4
N. KARTHIKEYAN;22;10;78,574;1214,067;2;78,574;5;5
V. LIUZZI;23;1;94,299;175,299;1;94,161;4;1
V. LIUZZI;23;2;87,099;262,398;1;87,007;4;2
V. LIUZZI;23;3;78,922;341,32;1;78,876;4;3
V. LIUZZI;23;4;78,43;419,75;1;78,43;4;4
V. LIUZZI;23;6;92,407;912,964;2;92,269;4;1
V. LIUZZI;23;7;85,376;998,34;2;85,284;4;2
V. LIUZZI;23;8;78,424;1076,764;2;78,378;4;3
V. LIUZZI;23;9;90,69;1167,454;2;90,69;4;4
S. VETTEL;1;1;90,476;245,476;1;90,292;5;1
S. VETTEL;1;2;78,558;324,034;1;78,42;5;2
S. VETTEL;1;3;74,703;398,737;1;74,611;5;3
S. VETTEL;1;4;74,318;473,055;1;74,272;5;4
S. VETTEL;1;5;74,011;547,066;1;74,011;5;5
S. VETTEL;1;7;94,397;1792,892;2;94,259;4;1
S. VETTEL;1;8;73,69;1866,582;2;73,598;4;2
S. VETTEL;1;9;88,423;1955,005;2;88,377;4;3
S. VETTEL;1;10;73,486;2028,491;2;73,486;4;4
S. VETTEL;1;12;85,111;3138,037;3;85,065;2;1
S. VETTEL;1;13;73,014;3211,051;3;73,014;2;2
S. VETTEL;1;15;82,453;3507,635;4;82,407;2;1
S. VETTEL;1;16;73,035;3580,67;4;73,035;2;2
L. HAMILTON;3;1;97,381;319,381;1;97,151;6;1
L. HAMILTON;3;2;76,188;395,569;1;76,004;6;2
L. HAMILTON;3;3;75,069;470,638;1;74,931;6;3
L. HAMILTON;3;4;74,736;545,374;1;74,644;6;4
L. HAMILTON;3;5;81,899;627,273;1;81,853;6;5
L. HAMILTON;3;6;74,114;701,387;1;74,114;6;6
L. HAMILTON;3;8;86,915;1776,44;2;86,823;3;1
L. HAMILTON;3;9;74,517;1850,957;2;74,471;3;2
L. HAMILTON;3;10;73,926;1924,883;2;73,926;3;3
L. HAMILTON;3;12;85,347;3093,581;3;85,255;3;1
L. HAMILTON;3;13;73,945;3167,526;3;73,899;3;2
L. HAMILTON;3;14;73,69;3241,216;3;73,69;3;3
L. HAMILTON;3;16;83,647;3489,323;4;83,601;2;1
L. HAMILTON;3;17;73,565;3562,888;4;73,565;2;2
M. WEBBER;2;1;91,522;208,522;1;91,154;9;1
M. WEBBER;2;2;77,257;285,779;1;76,935;9;2
M. WEBBER;2;3;75,732;361,511;1;75,456;9;3
M. WEBBER;2;4;84,918;446,429;1;84,688;9;4
M. WEBBER;2;5;76,495;522,924;1;76,311;9;5
M. WEBBER;2;6;78,561;601,485;1;78,423;9;6
M. WEBBER;2;7;74,979;676,464;1;74,887;9;7
M. WEBBER;2;8;74,744;751,208;1;74,698;9;8
M. WEBBER;2;9;74,375;825,583;1;74,375;9;9
M. WEBBER;2;11;86,794;1766,096;2;86,702;3;1
M. WEBBER;2;12;74,344;1840,44;2;74,298;3;2
M. WEBBER;2;13;73,654;1914,094;2;73,654;3;3
M. WEBBER;2;15;86,338;3085,614;3;86,246;3;1
M. WEBBER;2;16;75,262;3160,876;3;75,216;3;2
M. WEBBER;2;17;73,636;3234,512;3;73,636;3;3
M. WEBBER;2;19;82,242;3467,34;4;82,15;3;1
M. WEBBER;2;20;73,429;3540,769;4;73,383;3;2
M. WEBBER;2;21;73,549;3614,318;4;73,549;3;3
F. ALONSO;5;1;87,283;288,283;1;87,053;6;1
F. ALONSO;5;2;74,994;363,277;1;74,81;6;2
F. ALONSO;5;3;78,947;442,224;1;78,809;6;3
F. ALONSO;5;4;74,227;516,451;1;74,135;6;4
F. ALONSO;5;5;82,42;598,871;1;82,374;6;5
F. ALONSO;5;6;73,822;672,693;1;73,822;6;6
F. ALONSO;5;8;85,268;1831,137;2;85,176;3;1
F. ALONSO;5;9;73,672;1904,809;2;73,626;3;2
F. ALONSO;5;10;80,628;1985,437;2;80,628;3;3
F. ALONSO;5;12;82,179;3109,185;3;81,903;7;1
F. ALONSO;5;13;76,946;3186,131;3;76,716;7;2
F. ALONSO;5;14;73,412;3259,543;3;73,228;7;3
F. ALONSO;5;15;99,847;3359,39;3;99,709;7;4
F. ALONSO;5;16;84,891;3444,281;3;84,799;7;5
F. ALONSO;5;17;73,942;3518,223;3;73,896;7;6
F. ALONSO;5;18;73,199;3591,422;3;73,199;7;7
J. BUTTON;4;1;92,311;355,311;1;92,081;6;1
J. BUTTON;4;2;78,156;433,467;1;77,972;6;2
J. BUTTON;4;3;74,893;508,36;1;74,755;6;3
J. BUTTON;4;4;80,846;589,206;1;80,754;6;4
J. BUTTON;4;5;74,542;663,748;1;74,496;6;5
J. BUTTON;4;6;74,374;738,122;1;74,374;6;6
J. BUTTON;4;8;88,667;1781,451;2;88,529;4;1
J. BUTTON;4;9;74,209;1855,66;2;74,117;4;2
J. BUTTON;4;10;81,165;1936,825;2;81,119;4;3
J. BUTTON;4;11;73,955;2010,78;2;73,955;4;4
J. BUTTON;4;13;83,136;3089,166;3;83,044;3;1
J. BUTTON;4;14;75,272;3164,438;3;75,226;3;2
J. BUTTON;4;15;73,842;3238,28;3;73,842;3;3
J. BUTTON;4;17;81,371;3491,911;4;81,279;3;1
J. BUTTON;4;18;75,801;3567,712;4;75,755;3;2
J. BUTTON;4;19;73,838;3641,55;4;73,838;3;3
M. SCHUMACHER;7;1;94,404;354,404;1;94,266;4;1
M. SCHUMACHER;7;2;75,504;429,908;1;75,412;4;2
M. SCHUMACHER;7;3;91,732;521,64;1;91,686;4;3
M. SCHUMACHER;7;4;74,97;596,61;1;74,97;4;4
M. SCHUMACHER;7;6;90,168;1745,486;2;90,03;4;1
M. SCHUMACHER;7;7;80,315;1825,801;2;80,223;4;2
M. SCHUMACHER;7;8;75,981;1901,782;2;75,935;4;3
M. SCHUMACHER;7;9;74,242;1976,024;2;74,242;4;4
M. SCHUMACHER;7;11;83,432;3407,951;3;83,34;3;1
M. SCHUMACHER;7;12;78,049;3486;3;78,003;3;2
M. SCHUMACHER;7;13;73,864;3559,864;3;73,864;3;3
F. MASSA;6;1;87,164;333,164;1;86,934;6;1
F. MASSA;6;2;75,028;408,192;1;74,844;6;2
F. MASSA;6;3;82,875;491,067;1;82,737;6;3
F. MASSA;6;4;74,352;565,419;1;74,26;6;4
F. MASSA;6;5;84,321;649,74;1;84,275;6;5
F. MASSA;6;6;74,026;723,766;1;74,026;6;6
F. MASSA;6;8;87,807;1901,873;2;87,669;4;1
F. MASSA;6;9;77,987;1979,86;2;77,895;4;2
F. MASSA;6;10;73,95;2053,81;2;73,904;4;3
F. MASSA;6;11;73,431;2127,241;2;73,431;4;4
F. MASSA;6;13;85,114;3116,677;3;84,838;7;1
F. MASSA;6;14;73,82;3190,497;3;73,59;7;2
F. MASSA;6;15;73,292;3263,789;3;73,108;7;3
F. MASSA;6;16;104,324;3368,113;3;104,186;7;4
F. MASSA;6;17;81,462;3449,575;3;81,37;7;5
F. MASSA;6;18;73,463;3523,038;3;73,417;7;6
F. MASSA;6;19;73,217;3596,255;3;73,217;7;7
N. HEIDFELD;9;1;84,49;136,49;1;84,352;4;1
N. HEIDFELD;9;2;77,12;213,61;1;77,028;4;2
N. HEIDFELD;9;3;79,778;293,388;1;79,732;4;3
N. HEIDFELD;9;4;75,322;368,71;1;75,322;4;4
N. HEIDFELD;9;6;87,722;824,231;2;87,538;5;1
N. HEIDFELD;9;7;78,203;902,434;2;78,065;5;2
N. HEIDFELD;9;8;75,096;977,53;2;75,004;5;3
N. HEIDFELD;9;9;88,157;1065,687;2;88,111;5;4
N. HEIDFELD;9;10;77,848;1143,535;2;77,848;5;5
N. HEIDFELD;9;12;91,189;1738,987;3;91,051;4;1
N. HEIDFELD;9;13;74,719;1813,706;3;74,627;4;2
N. HEIDFELD;9;14;84,166;1897,872;3;84,12;4;3
N. HEIDFELD;9;15;75,122;1972,994;3;75,122;4;4
N. HEIDFELD;9;17;88,726;2373,497;4;88,634;3;1
N. HEIDFELD;9;18;74,467;2447,964;4;74,421;3;2
N. HEIDFELD;9;19;74,659;2522,623;4;74,659;3;3
N. HEIDFELD;9;21;85,481;3079,19;5;85,389;3;1
N. HEIDFELD;9;22;75,721;3154,911;5;75,675;3;2
N. HEIDFELD;9;23;74,75;3229,661;5;74,75;3;3
N. HEIDFELD;9;25;88,022;3514,209;6;87,976;2;1
N. HEIDFELD;9;26;74,062;3588,271;6;74,062;2;2
N. ROSBERG;8;1;91,083;359,083;1;90,945;4;1
N. ROSBERG;8;2;84,039;443,122;1;83,947;4;2
N. ROSBERG;8;3;83,534;526,656;1;83,488;4;3
N. ROSBERG;8;4;74,92;601,576;1;74,92;4;4
N. ROSBERG;8;6;88,565;1770,635;2;88,473;3;1
N. ROSBERG;8;7;77,778;1848,413;2;77,732;3;2
N. ROSBERG;8;8;73,95;1922,363;2;73,95;3;3
N. ROSBERG;8;10;88,501;3213,546;3;88,363;4;1
N. ROSBERG;8;11;76,364;3289,91;3;76,272;4;2
N. ROSBERG;8;12;73,814;3363,724;3;73,768;4;3
N. ROSBERG;8;13;73,92;3437,644;3;73,92;4;4
R. BARRICHELLO;11;1;90,925;255,925;1;90,741;5;1
R. BARRICHELLO;11;2;80,138;336,063;1;80;5;2
R. BARRICHELLO;11;3;76,391;412,454;1;76,299;5;3
R. BARRICHELLO;11;4;84,266;496,72;1;84,22;5;4
R. BARRICHELLO;11;5;75,815;572,535;1;75,815;5;5
R. BARRICHELLO;11;7;85,19;912,291;2;85,052;4;1
R. BARRICHELLO;11;8;81,524;993,815;2;81,432;4;2
R. BARRICHELLO;11;9;79,837;1073,652;2;79,791;4;3
R. BARRICHELLO;11;10;75,331;1148,983;2;75,331;4;4
R. BARRICHELLO;11;12;85,59;1727,782;3;85,544;2;1
R. BARRICHELLO;11;13;81,135;1808,917;3;81,135;2;2
R. BARRICHELLO;11;15;85,224;2150,163;4;85,04;5;1
R. BARRICHELLO;11;16;77,336;2227,499;4;77,198;5;2
R. BARRICHELLO;11;17;75,704;2303,203;4;75,612;5;3
R. BARRICHELLO;11;18;81,645;2384,848;4;81,599;5;4
R. BARRICHELLO;11;19;75,361;2460,209;4;75,361;5;5
V. PETROV;10;1;97,609;104,609;1;97,425;5;1
V. PETROV;10;2;85,753;190,362;1;85,615;5;2
V. PETROV;10;3;76,083;266,445;1;75,991;5;3
V. PETROV;10;4;80,43;346,875;1;80,384;5;4
V. PETROV;10;5;75,578;422,453;1;75,578;5;5
V. PETROV;10;7;80,934;809,15;2;80,704;6;1
V. PETROV;10;8;75,135;884,285;2;74,951;6;2
V. PETROV;10;9;79,984;964,269;2;79,846;6;3
V. PETROV;10;10;75,145;1039,414;2;75,053;6;4
V. PETROV;10;11;79,852;1119,266;2;79,806;6;5
V. PETROV;10;12;74,699;1193,965;2;74,699;6;6
V. PETROV;10;14;84,433;1714,634;3;84,295;4;1
V. PETROV;10;15;74,354;1788,988;3;74,262;4;2
V. PETROV;10;16;80,655;1869,643;3;80,609;4;3
V. PETROV;10;17;74,578;1944,221;3;74,578;4;4
V. PETROV;10;19;81,213;3104,963;4;81,121;3;1
V. PETROV;10;20;74,508;3179,471;4;74,462;3;2
V. PETROV;10;21;74,633;3254,104;4;74,633;3;3
V. PETROV;10;23;81,7;3534,609;5;81,654;2;1
V. PETROV;10;24;74,085;3608,694;5;74,085;2;2
P. MALDONADO;12;1;93,174;234,174;1;93,036;4;1
P. MALDONADO;12;2;80,618;314,792;1;80,526;4;2
P. MALDONADO;12;3;76,45;391,242;1;76,404;4;3
P. MALDONADO;12;4;87,236;478,478;1;87,236;4;4
P. MALDONADO;12;6;85,735;883,464;2;85,597;4;1
P. MALDONADO;12;7;77,1;960,564;2;77,008;4;2
P. MALDONADO;12;8;75,585;1036,149;2;75,539;4;3
P. MALDONADO;12;9;90,294;1126,443;2;90,294;4;4
P. MALDONADO;12;11;88,154;1707,914;3;88,016;4;1
P. MALDONADO;12;12;77,871;1785,785;3;77,779;4;2
P. MALDONADO;12;13;87,868;1873,653;3;87,822;4;3
P. MALDONADO;12;14;76,279;1949,932;3;76,279;4;4
P. MALDONADO;12;16;83,053;2269,192;4;82,915;4;1
P. MALDONADO;12;17;75,489;2344,681;4;75,397;4;2
P. MALDONADO;12;18;84,65;2429,331;4;84,604;4;3
P. MALDONADO;12;19;75,043;2504,374;4;75,043;4;4
P. DI RESTA;15;1;88,903;195,903;1;88,673;6;1
P. DI RESTA;15;2;76,596;272,499;1;76,412;6;2
P. DI RESTA;15;3;75,879;348,378;1;75,741;6;3
P. DI RESTA;15;4;88,283;436,661;1;88,191;6;4
P. DI RESTA;15;5;77,845;514,506;1;77,799;6;5
P. DI RESTA;15;6;75,593;590,099;1;75,593;6;6
P. DI RESTA;15;8;85,515;948,838;2;85,469;2;1
P. DI RESTA;15;9;74,874;1023,712;2;74,874;2;2
P. DI RESTA;15;11;88,854;1723,339;3;88,762;3;1
P. DI RESTA;15;12;77,908;1801,247;3;77,862;3;2
P. DI RESTA;15;13;75,339;1876,586;3;75,339;3;3
P. DI RESTA;15;15;83,61;2255,696;4;83,472;4;1
P. DI RESTA;15;16;75,068;2330,764;4;74,976;4;2
P. DI RESTA;15;17;82,34;2413,104;4;82,294;4;3
P. DI RESTA;15;18;74,752;2487,856;4;74,752;4;4
A. SUTIL;14;1;88,884;325,884;1;88,7;5;1
A. SUTIL;14;2;78,498;404,382;1;78,36;5;2
A. SUTIL;14;3;78,894;483,276;1;78,802;5;3
A. SUTIL;14;4;78,599;561,875;1;78,553;5;4
A. SUTIL;14;5;75,887;637,762;1;75,887;5;5
A. SUTIL;14;7;87,494;967,875;2;87,356;4;1
A. SUTIL;14;8;76,66;1044,535;2;76,568;4;2
A. SUTIL;14;9;78,844;1123,379;2;78,798;4;3
A. SUTIL;14;10;74,931;1198,31;2;74,931;4;4
A. SUTIL;14;12;88,482;1733,075;3;88,39;3;1
A. SUTIL;14;13;79,659;1812,734;3;79,613;3;2
A. SUTIL;14;14;75,565;1888,299;3;75,565;3;3
A. SUTIL;14;16;83,271;2212,097;4;83,087;5;1
A. SUTIL;14;17;77,703;2289,8;4;77,565;5;2
A. SUTIL;14;18;75,736;2365,536;4;75,644;5;3
A. SUTIL;14;19;78,605;2444,141;4;78,559;5;4
A. SUTIL;14;20;75,287;2519,428;4;75,287;5;5
P. DE LA ROSA;17;1;97,424;345,424;1;97,286;4;1
P. DE LA ROSA;17;2;81,557;426,981;1;81,465;4;2
P. DE LA ROSA;17;3;77,165;504,146;1;77,119;4;3
P. DE LA ROSA;17;4;76,323;580,469;1;76,323;4;4
P. DE LA ROSA;17;6;89,776;889,84;2;89,592;5;1
P. DE LA ROSA;17;7;81,996;971,836;2;81,858;5;2
P. DE LA ROSA;17;8;76,229;1048,065;2;76,137;5;3
P. DE LA ROSA;17;9;82,66;1130,725;2;82,614;5;4
P. DE LA ROSA;17;10;76,772;1207,497;2;76,772;5;5
P. DE LA ROSA;17;12;87,08;1719,17;3;86,988;3;1
P. DE LA ROSA;17;13;78,341;1797,511;3;78,295;3;2
P. DE LA ROSA;17;14;79,585;1877,096;3;79,585;3;3
P. DE LA ROSA;17;16;81,814;2172,249;4;81,63;5;1
P. DE LA ROSA;17;17;76,219;2248,468;4;76,081;5;2
P. DE LA ROSA;17;18;76,018;2324,486;4;75,926;5;3
P. DE LA ROSA;17;19;75,796;2400,282;4;75,75;5;4
P. DE LA ROSA;17;20;75,587;2475,869;4;75,587;5;5
K. KOBAYASHI;16;1;88,838;210,838;1;88,654;5;1
K. KOBAYASHI;16;2;85,292;296,13;1;85,154;5;2
K. KOBAYASHI;16;3;79,034;375,164;1;78,942;5;3
K. KOBAYASHI;16;4;77,28;452,444;1;77,234;5;4
K. KOBAYASHI;16;5;76,593;529,037;1;76,593;5;5
K. KOBAYASHI;16;7;84,694;944,552;2;84,556;4;1
K. KOBAYASHI;16;8;79,39;1023,942;2;79,298;4;2
K. KOBAYASHI;16;9;79,403;1103,345;2;79,357;4;3
K. KOBAYASHI;16;10;75,694;1179,039;2;75,694;4;4
K. KOBAYASHI;16;12;86,625;1762,593;3;86,487;4;1
K. KOBAYASHI;16;13;81,542;1844,135;3;81,45;4;2
K. KOBAYASHI;16;14;75,481;1919,616;3;75,435;4;3
K. KOBAYASHI;16;15;75,285;1994,901;3;75,285;4;4
K. KOBAYASHI;16;17;83,195;2272,266;4;83,057;4;1
K. KOBAYASHI;16;18;79,345;2351,611;4;79,253;4;2
K. KOBAYASHI;16;19;82,405;2434,016;4;82,359;4;3
K. KOBAYASHI;16;20;75,632;2509,648;4;75,632;4;4
J. ALGUERSUARI;19;1;91,612;201,612;1;91,428;5;1
J. ALGUERSUARI;19;2;77,819;279,431;1;77,681;5;2
J. ALGUERSUARI;19;3;76,943;356,374;1;76,851;5;3
J. ALGUERSUARI;19;4;82,499;438,873;1;82,453;5;4
J. ALGUERSUARI;19;5;77,005;515,878;1;77,005;5;5
J. ALGUERSUARI;19;7;90,203;933,91;2;90,111;3;1
J. ALGUERSUARI;19;8;76,421;1010,331;2;76,375;3;2
J. ALGUERSUARI;19;9;76,294;1086,625;2;76,294;3;3
S. BUEMI;18;1;90,443;330,443;1;90,259;5;1
S. BUEMI;18;2;77,023;407,466;1;76,885;5;2
S. BUEMI;18;3;76,349;483,815;1;76,257;5;3
S. BUEMI;18;4;80,869;564,684;1;80,823;5;4
S. BUEMI;18;5;76,198;640,882;1;76,198;5;5
S. BUEMI;18;7;83,318;1017,219;2;83,226;3;1
S. BUEMI;18;8;75,901;1093,12;2;75,855;3;2
S. BUEMI;18;9;80,165;1173,285;2;80,165;3;3
S. BUEMI;18;11;82,235;1758,346;3;82,097;4;1
S. BUEMI;18;12;75,723;1834,069;3;75,631;4;2
S. BUEMI;18;13;83,526;1917,595;3;83,48;4;3
S. BUEMI;18;14;75,664;1993,259;3;75,664;4;4
S. BUEMI;18;16;79,975;2395,84;4;79,929;2;1
S. BUEMI;18;17;75,334;2471,174;4;75,334;2;2
